Subject: 653 138 1770 143 1771 143 248 138 167 138 51823 644 30469 644 1772 653 653 138 653 
7438 10559 45 
6795 4318 6958 7044 4318 51824 6943 51825 6865 7586 3185 15387 6766 7035 6906 3173 7031 7188 4318 7189 3186 6775 6865 
10567 3182 6792 6795 4318 6958 51826 12 3174 6921 6795 4318 6993 47443 3182 6792 51827 33839 45 6789 6906 7155 
7443 3185 3186 6883 3173 7428 19919 7044 4318 11182 3185 11358 47527 14867 3173 51828 4317 6795 4318 6772 51829 6776 
42410 15120 45 6762 3182 51830 6751 15643 7036 7023 12 7432 6789 7155 3173 3186 2744 7044 4318 11182 45 
4312 3182 6996 3182 15524 51831 7165 4318 7166 15183 7121 12 
6871 15192 7167 47504 3186 7192 6758 37561 45 6925 33427 6808 10612 51832 3183 15309 
6893 6913 51833 4315 6854 4317 4318 10636 6774 358 6758 10558 12 10628 6921 6795 4318 6958 6765 6873 
51834 51835 6758 231 51836 37561 231 12 6907 4318 7170 3182 15451 42811 138 
6775 45 46405 3182 11188 51837 51838 51839 7067 6921 6795 4318 6958 4318 11778 3173 51678 3182 51840 14710 
6792 7073 46374 4318 51841 4312 4318 51842 51843 12 6751 3186 51844 15120 45 10628 45 6789 3186 11732 8681 51845 12 
6810 