Subject: 10226 2405 
231 144 380 236 382 109 2233 2234 574 231 143 10226 2405 
42 2847 12 99 45 
7 187 435 21 831 38 21 13 15 838 1556 1027 358 395 
952 1551 2405 12 
109 28 2298 2404 31 28 382 2 1050 2 397 397 1051 12 3276 12 350 397 10226 2405 
38 35 861 840 430 49 412 12 
161 38 35 861 34 28 235 10239 164 829 49 28 
418 31 38 358 4 28 401 31 28 382 2 
648 12 28 6605 215 2886 219 6215 45 240 12 913 12 7215 6215 49 28 549 17 2938 6215 49 
28 4167 12 
144 12 184 7267 6215 45 8130 17 818 2855 28 365 229 8 576 12 
827 12 28 838 9728 2939 308 455 2589 12 
644 12 28 838 3054 2939 308 455 2589 12 
729 12 28 370 17 3507 5705 486 10240 38 35 861 23 28 16 2 
38 35 13 28 486 74 51 23 28 140 215 141 10241 219 10242 
20 124 4093 72 208 365 4557 28 486 109 1842 31 195 28 
411 412 12 
96 97 45 
10228 10229 
10226 2405 382 469 
10230 302 3276 12 350 