Subject: 1 2 9927 1045 
7 6060 45 1320 1044 124 6223 9936 17 5486 
9191 12 
143 143 143 98 99 
101 2 
41 90 38 81 2949 14 2428 28 1044 124 
41 5486 143 9191 138 
41 
41 192 12 
41 
41 98 99 
41 
41 
41 9937 9931 101 2 
41 41 
41 41 46 38 47 48 49 15 9878 173 
41 1889 
41 41 1616 15 1981 1038 144 143 248 45 2405 12 7 6060 
41 49 
41 41 28 523 4 132 3793 12 
41 41 
41 41 419 164 474 38 18 861 670 9928 9175 
41 6399 
41 41 17 505 200 125 195 31 28 513 9929 
41 31 
41 41 1194 1195 12 419 65 1211 298 9930 49 
41 195 
41 41 31 670 8582 109 2404 12 
41 41 
41 41 419 164 477 563 1616 68 92 31 1209 12 
41 41 
41 41 49 28 92 1909 870 419 35 481 28 
41 41 235 3359 49 15 3799 2 
41 41 
41 41 648 9816 215 648 143 144 255 219 392 1082 141 5810 
41 41 
41 41 5810 124 135 3471 31 28 1044 677 12 
41 41 
41 41 81 19 28 235 430 130 1028 
41 130 
41 41 261 130 34 124 9 563 92 31 1209 4 1194 
41 41 1195 12 
41 41 
41 41 105 
41 41 16 
41 41 139 
41 41 92 17 632 31 5750 
41 41 632 31 5833 
41 41 140 31 9844 
41 41 1058 1059 140 306 9828 
41 41 
41 41 7 933 19 21 4024 125 38 1028 12 
41 41 81 3047 182 72 38 8 184 463 347 
41 1207 
41 41 840 430 12 
41 41 
41 41 116 45 
41 41 
41 41 7327 9931 
41 41 597 4013 
41 41 9927 9928 
41 41 9546 1257 902 2464 
41 41 1194 1195 45 3815 9932 
41 41 215 9916 219 9933 143 9934 
41 41 51 9933 143 9935 
41 41 
41 41 1775 1775 1775 1775 1775 1775 1775 1775 1775 1775 1775 1775 1775 1775 1775 1775 1775 1775 1775 1775 1775 1775 1775 1775 1775 1775 1775 1775 1775 1775 1775 1775 1775 1775 1775 1775 1775 1775 1775 1775 1775 1775 1775 1775 1775 1775 1775 1775 1775 1775 
41 41 220 38 7618 193 138 
41 41 13 5991 461 306 7618 193 5992 12 
41 41 1050 2 397 397 7992 12 7618 12 1217 397 
220 38 7618 193 138 
13 5991 461 306 7618 193 5992 12 
1050 2 397 397 7992 12 7618 12 1217 397 