Subject: 471 2 451 
143 143 143 143 143 143 143 143 143 143 595 626 143 143 143 143 143 143 143 143 143 143 
627 2 451 
632 2 1015 45 1535 3048 2405 336 2 646 2 1529 143 3786 215 3787 219 
125 2 3790 2516 
98 143 38 35 6456 670 838 1310 143 2405 358 125 132 2517 455 23 
1050 2 397 397 1051 12 2517 12 2426 397 763 2516 397 9426 12 1056 
540 65 2258 28 2974 6311 45 23 1557 130 20 7258 395 28 
358 545 1417 12 
7 1450 47 48 34 7 150 587 77 159 21 1022 583 92 4 21 9427 
774 143 9428 45 251 7 150 587 4618 215 107 4782 219 21 933 20 765 72 38 13 
14 9 498 1397 28 488 12 7 2937 9259 124 9 959 7877 774 143 365 
17 65 959 9429 45 226 2051 418 110 124 9 3547 9430 
1032 9126 12 
96 97 45 143 3790 
143 143 
141 653 653 653 653 653 653 653 653 653 653 653 653 653 653 653 653 653 653 653 653 653 653 653 653 653 653 653 653 653 653 653 653 653 653 653 653 653 653 653 653 653 653 653 653 653 653 653 653 653 653 653 653 653 653 653 653 653 653 653 653 653 653 653 653 653 653 653 653 1232 98 8253 1068 12 2 141 454 143 648 143 8794 
1232 1086 2329 
1232 1237 17 1162 1238 1239 12 
1232 1240 12 31 316 317 318 
1232 1241 12 1219 12 204 12 241 12 231 320 231 
1232 327 325 326 51 2 141 454 143 648 143 1242 
1232 268 240 143 628 2 8253 302 1243 12 320 12 350 
