Subject: 1 2 568 22043 125 40220 1221 135 12 729 
669 98 
208 3203 7 187 4322 124 34 28 41598 336 12 9 45 51437 12 9 17 51438 12 9 164 
107 1483 2113 21 769 7781 215 150 12 259 150 219 51439 12 72 26 164 
111 38 18 87 21 36 4579 31 28 6382 12 9 10425 12 
38 90 4618 11906 7913 28 773 41598 336 12 9 313 4 68 
760 45 231 773 231 124 181 28 6459 2744 21 572 226 28 671 
1110 109 50781 124 4 397 19546 397 40077 397 34422 12 38 35 3551 2949 51385 
67 28 218 10038 45 251 38 8 21 1844 9 231 1446 231 432 31 
1414 240 12 913 12 2 
51385 143 641 653 231 50778 397 51440 2 143 1193 397 19546 397 2194 397 34422 143 1193 392 51373 397 34422 143 30040 143 51377 143 9415 336 231 
817 34 72 38 164 568 50778 648 12 648 45 2671 28 51440 21 51375 12 
7 150 282 107 9583 9685 34 68 124 28 1422 86 208 31 
28 41599 12708 124 1775 51393 540 124 576 49 2381 9 7781 
1135 12 68 983 150 440 576 74 40220 4 34775 644 12 641 540 124 953 7 150 282 3209 
2428 28 12 9 6215 164 93 9970 21 12 259 6215 12 
502 1980 12 
21088 