Subject: 1 2 568 22043 125 40220 1221 135 12 729 
669 98 
41 7 207 1413 21 572 28 22043 1135 49 70 1036 34 7 207 1960 109 
41 4 40220 45 251 7 62 8057 28 50794 12 7 8 432 132 50778 8890 45 1141 
41 51373 540 124 1403 74 40220 17 13250 757 7 36 28 
41 235 4010 2054 2 
41 
41 15338 1775 22043 1775 51374 653 641 653 50778 397 51375 2 143 1193 397 3314 397 50778 397 51376 618 641 397 34422 143 30040 143 51377 143 9415 336 
41 15338 1775 51378 1775 51374 653 641 653 50777 397 2969 2 143 1193 397 19546 397 40077 827 397 34422 143 51379 143 51377 143 9415 336 
41 15338 1775 11165 1775 51374 653 641 653 24 397 51380 2 143 51377 143 9415 336 
41 15338 1775 51381 1775 51374 653 653 653 15338 1775 51378 1775 51374 
41 15338 1775 641 1775 1833 653 397 19546 397 40077 827 397 1833 
12 12 12 
41 132 463 874 164 2 
41 648 12 124 68 28 5895 31 28 1021 138 
41 144 12 2473 35 7 3812 20 138 
41 827 12 164 161 184 411 3385 34 7 87 21 2671 21 572 28 1135 138 
38 18 87 21 51382 28 40220 408 38 164 568 12 74 7928 
109 50781 45 40220 124 9970 7913 3558 933 50794 12 86 28 
3558 933 17 50778 1088 164 12287 215 26 1320 8 769 
2745 641 336 17 11165 1088 219 45 38 18 445 77 159 21 8 40220 568 
208 31 37 12 
21 51382 45 220 28 235 21 432 964 15 40220 2 
33325 51373 397 3314 397 50778 397 51376 618 641 
33325 51383 
6605 392 51383 397 15338 397 1217 397 40220 
111 2671 21 28 6605 2422 17 51382 40220 215 38 18 87 21 
8 3047 6169 21 28 40220 18579 49 68 21 548 219 2 
3992 392 51384 
51385 143 641 653 143 22043 143 51386 143 51387 143 51388 
68 18 7813 1455 28 2003 3558 933 40220 306 9 50778 
208 259 38 18 87 21 42446 347 4322 306 411 40220 1369 429 12 534 45 
419 2705 861 34 50778 124 959 13526 1032 3558 933 259 4606 757 
164 4133 11949 109 568 3558 933 45 50778 124 28 10 1416 12 
7 925 68 1930 15602 49 38 12 
97 
21088 
1775 397 21088 28806 
1775 397 1775 397 4013 45 1662 3867 
143 143 143 143 143 1775 397 143 143 143 143 143 143 143 143 12489 1597 864 
1775 397 1775 397 1775 397 827 38095 9818 
1775 397 1775 397 1775 397 50743 
1775 397 1775 397 1775 397 50744 
1775 397 1775 397 1775 397 1775 397 1775 397 50287 4438 512 729 3918 45 590 
143 143 143 143 1775 397 143 143 143 143 143 143 143 143 143 1068 12 141 891 215 0 219 50745 50741 
1775 397 1775 397 51 12 141 891 215 0 219 50745 50746 
1775 397 273 2 51389 302 36621 12 774 12 590 
