Subject: 653 138 1770 143 1771 143 248 138 167 138 0 3424 264 141 6639 448 440 827 51685 644 141 22937 827 141 21917 138 653 
653 3815 653 5599 653 1269 648 653 240 1257 653 240 729 653 151 0 653 240 648 653 4524 653 240 1257 653 666 653 5599 653 1269 648 653 240 648 45 
653 5597 653 5048 653 666 653 1773 653 1774 653 240 448 653 666 653 1773 653 240 648 653 240 1257 653 1219 827 653 240 1257 653 5598 653 1269 648 653 240 827 653 666 653 1269 144 653 151 827 653 1774 653 5596 653 5596 653 240 248 653 1269 144 653 5596 653 240 648 653 240 1257 653 240 729 653 4523 653 1773 653 240 648 653 240 1257 653 1269 644 653 240 729 653 1269 644 653 240 648 653 1269 648 653 1269 644 653 666 653 240 729 653 1269 644 653 1095 653 1269 144 653 1269 448 653 666 653 240 1257 653 1269 644 653 240 248 653 1269 644 653 1095 653 1269 144 653 1269 827 653 1269 644 653 666 653 1269 644 653 1773 653 1095 653 1773 653 240 648 653 151 0 653 4524 653 240 248 653 1269 648 653 666 653 1269 448 653 666 653 1269 648 653 240 1257 653 5596 653 1095 653 1269 144 
653 1269 644 653 666 653 1269 729 653 151 0 653 240 648 653 5048 653 240 729 653 1269 0 653 240 1257 653 1269 827 653 1269 644 653 240 248 653 1773 653 4523 653 666 653 1269 729 653 1219 648 653 240 617 653 240 248 653 5048 653 5598 653 5048 12 653 1219 617 653 240 648 653 1095 653 240 617 653 240 729 653 4524 653 240 648 653 5048 653 240 648 653 240 729 653 5048 653 240 248 653 1773 653 240 729 653 1269 648 653 1269 1257 653 240 617 653 5598 653 1269 0 653 240 729 653 1269 648 653 240 1257 653 1269 827 653 1269 827 653 5600 653 1269 644 653 240 729 653 1269 648 653 666 653 1269 827 653 1269 248 653 240 729 653 1269 644 653 240 1257 653 5596 653 1774 653 1773 653 240 729 653 1269 644 653 240 1257 653 1269 144 653 639 
653 1269 0 653 1269 648 653 666 653 1269 0 653 1269 644 653 1269 729 653 1269 248 653 240 1257 653 240 648 653 5596 653 5554 653 1269 144 653 240 729 653 1269 648 653 240 827 653 240 648 653 1269 827 653 4523 653 240 729 653 1269 144 653 1219 729 653 1219 827 653 1219 843 215 653 1219 729 653 2536 653 5600 653 1269 648 653 1269 729 653 2536 653 240 248 653 1219 827 653 5048 653 5598 653 1269 827 653 240 248 653 1269 144 653 240 648 653 1269 0 653 5600 653 240 644 653 240 729 653 240 644 653 666 653 1773 653 5554 653 5048 653 240 648 653 1269 0 653 1269 1257 653 4524 653 1095 653 1269 827 653 240 729 653 1269 1257 653 5048 219 45 653 1219 729 653 151 248 653 1219 788 653 639 
215 11027 143 9139 12632 219 653 5596 653 240 648 653 240 1257 653 1219 729 653 151 248 653 1219 789 215 653 1219 644 653 1269 729 653 5048 653 240 648 653 1773 653 240 1257 653 5596 653 1095 653 1269 0 653 1269 648 653 666 653 1269 827 653 240 648 653 1269 648 653 1773 653 666 653 240 827 653 1095 1056 653 1269 827 653 240 729 653 4524 653 4523 653 240 644 653 1269 1257 653 5048 219 
653 1269 0 653 666 653 1269 729 653 1269 0 653 1269 648 653 666 653 1269 827 653 1269 448 653 5554 653 1269 648 653 666 653 1269 729 653 5048 653 1269 644 653 240 648 653 1219 729 653 1269 648 653 240 827 653 240 648 653 1269 827 653 1269 644 653 1095 653 1269 648 653 240 1257 653 240 648 231 653 151 644 653 240 729 653 1269 248 653 5048 653 666 653 4524 653 666 653 240 827 653 4523 653 240 648 653 1269 144 653 1219 827 653 5048 653 5598 653 1269 827 653 240 729 653 1269 1257 653 5048 653 5596 653 240 648 653 240 1257 653 4437 653 666 653 240 827 653 240 1257 653 1269 827 653 1773 653 240 1257 653 5596 653 666 653 5599 231 653 5596 653 240 648 653 240 1257 
231 653 3992 653 240 729 653 1269 729 653 1269 648 653 1269 1257 653 5048 653 240 1257 653 5596 653 5598 653 5048 653 1219 644 653 240 1257 653 5596 653 1269 644 653 5599 653 1269 1257 653 5048 231 653 1269 644 653 666 653 1269 729 653 1219 1257 653 5048 653 1269 827 653 1269 644 653 240 1257 653 1269 644 653 666 653 5599 653 1269 644 653 666 653 1269 729 653 151 0 653 4524 653 240 248 653 1269 648 653 666 653 1269 448 653 666 653 1269 648 653 240 1257 653 5596 653 1095 653 1269 144 653 5596 653 240 648 653 240 1257 653 151 644 653 240 248 653 4524 653 240 729 653 1269 0 653 240 1257 653 5596 653 666 653 240 1257 653 5048 653 1269 1257 653 5048 653 240 1257 653 5598 653 5048 653 1269 827 653 1269 644 653 666 653 639 
653 1219 729 12 653 3815 12 653 1219 729 12 653 151 448 12 653 1219 729 12 231 653 1219 644 653 240 248 653 1773 653 5600 653 5596 653 1269 648 653 240 1257 653 1269 644 653 666 653 1269 144 231 12 653 1219 617 653 240 648 653 1269 0 653 1269 648 653 666 653 1269 644 653 240 1257 653 1773 653 666 653 5599 653 1269 827 653 240 648 653 240 248 653 240 729 653 5048 653 240 248 653 1773 653 5554 653 1269 648 653 1269 1257 653 1269 827 653 240 248 653 5048 653 240 648 653 240 827 653 4523 653 5048 653 240 729 653 240 1257 653 1773 653 240 729 653 1269 827 653 1269 729 653 5048 653 1774 653 5048 653 1269 644 653 240 248 653 1269 827 653 240 248 653 1773 653 666 653 1269 729 
653 1773 653 240 648 653 240 448 653 4523 653 1269 827 653 240 648 653 1269 144 45 653 5600 653 1269 0 653 666 653 1269 644 653 240 729 653 5554 653 1269 248 653 240 729 653 1269 644 653 240 729 653 1269 644 653 240 248 653 5048 653 240 729 653 1269 729 653 1269 248 653 5554 653 1269 648 653 240 729 653 240 1257 653 240 648 45 653 240 648 653 1269 448 653 666 653 5599 653 240 248 653 240 729 653 1269 0 653 240 1257 653 5596 653 666 653 240 1257 653 5048 653 1269 1257 653 5048 653 4523 653 240 648 653 1773 653 5554 653 1269 827 653 1269 1257 240 143 628 653 1269 827 653 4523 653 240 827 653 666 653 1269 729 653 1269 648 653 240 648 653 240 617 653 240 648 
653 240 648 653 1269 448 653 1095 653 1269 827 653 240 729 653 240 1257 653 5596 653 240 729 653 5048 653 1774 12 
653 1219 729 653 1269 729 653 1269 248 653 240 648 653 1269 648 653 240 1257 653 1269 827 653 1269 644 653 5598 653 1269 0 653 666 653 4524 653 5599 