Subject: 41372 
1778 8698 8472 39845 7411 14 21 358 689 
41372 12 6446 718 14351 45 40225 3726 0 9 4511 684 718 51686 
215 747 684 897 19948 5010 219 2295 51687 5159 3635 
51688 12 1312 714 4969 42624 51689 689 358 45 
6643 6065 40998 45 746 4468 2315 1778 39845 684 4502 
2783 4871 8260 2310 51690 45 3014 6690 51691 51692 12 4468 6730 
684 1730 684 718 51693 746 2838 12 3653 747 215 448 219 700 4380 747 4416 
40910 12 
691 17398 0 240 747 48988 897 2676 0 51694 747 684 2294 827 51695 138 
648 219 976 144 12 648 45 455 248 45 7135 644 2 
231 72 9 386 31 28 2886 7918 12 12 12 12 231 
7135 448 2 
231 72 28 3509 1990 58 205 12 12 12 12 231 
220 443 373 2352 459 21 28 310 3203 45 34 124 
2886 49492 138 
144 219 976 144 12 648 45 455 617 45 3042 31 455 2 
231 72 9 1990 4243 12 12 12 109 28 3051 2886 231 
926 28 2347 51696 125 28 776 31 10060 109 
28 3051 2886 138 
827 219 976 827 12 648 45 455 336 45 7135 644 2 
231 72 28 13474 9518 9206 12 12 12 130 70 1409 12 231 
926 68 2173 34 359 3860 7970 124 8036 21 77 506 
125 208 2347 138 215 125 9518 34 439 107 2586 430 49 
5820 12533 219 
644 219 51697 827 12 144 12 648 45 455 636 45 7135 729 2 
231 28 3614 274 3526 12 12 12 51698 12 231 
515 926 481 1462 17 13749 9683 51699 208 6196 45 
17 107 373 138 
729 219 976 827 12 144 12 648 45 455 636 45 7135 448 2 
231 6816 1775 648 3604 3811 12 12 12 49 12533 648 231 
72 6816 1775 648 124 1180 3915 31 6816 1775 144 45 926 6816 1775 648 10410 
28 6353 35910 31 6816 1775 144 1397 10665 138 
448 219 9 597 260 109 28 51700 1400 2 
20 479 21 4091 150 204 442 45 34 2165 9 2347 125 9 48726 
124 9 218 1048 1032 6541 9 2347 12 
28 10999 1775 2347 1048 38113 28 1509 1775 2347 1048 
17 259 926 28 42994 1048 12 
124 20 107 28 2177 34 419 429 10999 9 2347 215 568 10999 1775 2347 17 
42994 219 21 216 9 48726 45 17 111 1509 20 215 568 1509 1775 2347 219 
21 40047 542 9637 138 