Subject: 1 2 568 22043 125 40220 1221 135 12 729 
669 98 
192 49 28 2377 12 7 187 152 38 572 28 397 19546 397 50778 397 51376 618 641 12 28 
8856 38 87 21 1844 21 51382 28 408 1319 38 150 1 4 392 51384 
84 77 2 
12 397 51385 143 641 653 231 50778 397 51440 2 143 1193 397 19546 397 50778 397 51376 618 641 397 34422 143 30040 143 51377 143 9415 336 231 143 51387 4089 
143 51386 143 51388 
72 68 4243 45 38 90 4618 28 397 19546 397 2194 397 34422 397 641 336 241 729 2 
12 397 51385 143 641 653 231 50778 397 51440 2 143 1193 397 19546 397 2194 397 34422 397 641 336 241 729 143 1193 397 19546 397 50778 397 51376 618 641 397 34422 143 30040 143 51377 143 9415 336 231 143 51387 143 51386 143 51388 
7 925 68 1930 15602 193 
21088 