Subject: 1 2 2012 4 1329 3 
98 143 
15 1464 2012 1845 603 530 17 187 
3577 4 306 515 757 164 312 487 12 15 96 52616 
49 52617 1446 3306 187 77 21 4702 49 9 52618 
16522 215 20 150 204 5788 306 15 1036 545 45 
670 1617 52619 973 219 12 72 38 13 14 91 
277 109 15 13134 109 43370 9693 215 240 12 913 12 45 52613 219 
17 4573 45 215 17 156 219 7 150 587 6638 15 9453 
31 68 8183 12 7 2892 20 491 195 52248 17 
388 17 58 9 16591 31 67 392 343 45 2862 2606 1209 
161 150 204 65 411 3306 4373 215 7 3863 9 52620 1454 
2110 45 251 137 21 28 6605 31 28 4747 20 150 204 8137 21 434 
16934 219 222 130 1958 52621 34 164 13144 21 36 45 8 9 
16591 999 21 28 52618 16522 251 439 150 440 9392 63 
49 52248 12 
40 