Subject: 1 2 1277 1841 
42 43 12 2516 45 
46 38 49 296 434 67 9255 12 419 199 545 314 2493 31 4440 9 358 
21 68 382 12 130 38 776 499 45 20 124 47 1277 21 670 548 12 
1383 45 419 164 916 91 1168 109 9 762 6138 215 763 2969 2097 219 
17 419 164 9422 9 1381 49 9423 28 1424 1462 45 3207 130 1276 21 
28 9424 143 9425 130 261 12 
72 419 36 530 1508 109 92 45 419 187 435 21 1843 38 21 77 9 774 143 365 
4 9 358 21 77 752 4 9255 12 187 20 77 261 49 38 21 1844 434 15 2600 
109 28 358 72 419 13 20 21 38 2978 2660 1397 28 488 215 644 134 2405 219 138 
7 207 635 143 4718 68 273 21 9259 4 279 214 187 435 21 436 531 12 
96 97 45 
98 8253 
321 12 204 12 2 4 305 68 358 419 187 435 21 6311 15 546 548 215 28 208 1141 28 
9424 1900 219 12 90 38 81 13 434 28 1446 6311 49 68 138 
41 98 143 7 3050 150 440 8 92 21 1548 9255 68 1209 347 837 21 548 109 9 358 45 
41 251 38 3196 8 92 21 36 91 9256 1508 
41 74 28 488 997 76 12 208 1712 187 77 21 6539 91 
41 1337 34 82 28 408 4073 21 9257 573 2166 45 111 21 1853 
41 91 3361 306 9258 125 1342 2233 1924 12 9259 124 563 
41 6218 2051 2016 215 109 212 1845 219 45 251 7 150 938 635 150 151 1456 4 279 
41 214 150 204 1891 4 9260 499 122 9261 12 
41 96 97 45 143 3790 