Subject: 8694 5151 51445 755 
1971 10820 384 143 1971 51446 1083 
8694 5151 51447 755 
9 6552 112 6200 4 30 827 12 144 31 28 1971 51446 
540 9750 49 51448 25519 397 3688 1184 17 51449 12 1364 
28 51449 7259 49 124 9 10820 18795 4 8694 1512 384 
17163 13384 21 130 28 231 39474 12 12 39474 231 12850 12 1461 68 10820 18795 45 
70 51450 124 159 21 8442 1379 21 28 3509 584 3845 31 9 49104 
408 837 179 445 9 532 35910 31 28 3845 124 1471 21 77 
1357 21 28 1484 12 68 7835 959 6107 179 20 124 28 408 
3845 45 1141 7627 6215 45 540 124 49104 12 
419 8 2110 2111 3524 34 5151 7279 540 8 107 205 
38455 306 28 945 504 17719 125 1966 229 77 9565 130 9 966 
31 28 231 39474 12 12 39474 231 12850 12 68 112 429 8095 74 1369 31 28 7214 371 
231 51451 231 51452 1036 12 9 8694 5151 408 35 77 9565 45 51453 
347 51454 45 74 4091 11598 28 408 125 9 7214 2356 568 28 
51452 839 12 9 427 1966 51455 969 9446 28 
1440 109 5151 17 15555 34 28 9493 49 5151 827 12 1799 124 21 40076 28 945 
504 17719 12 419 164 307 34 28 9493 124 3560 921 504 
17719 644 12 419 164 65 307 34 161 124 359 9493 49 5151 827 12 729 1893 31 
1311 21 5151 827 12 1799 306 516 504 17429 40040 12 
68 51447 124 12425 4 1966 1162 6816 969 
140 1772 51456 977 3537 13373 1551 1535 45 250 12 4079 124 21 40076 
28 945 504 17719 49 8694 5151 30 827 12 1799 12 
208 3203 13097 68 125 528 9 959 5648 49305 1032 515 
20 124 12 28 2177 34 20 1432 38 21 77 159 21 7286 21 9 7781 
3845 1397 12858 28 11550 7728 28 18537 21 1510 384 347 
6205 213 35 1903 21 9 7781 2422 109 28 9465 408 12 9 
51457 124 21 481 474 195 31 15 3845 42819 164 51458 51459 
21 33634 70 51450 125 2888 21 15 1329 12 20 259 6520 34 
68 65 13097 28 10820 18795 4 8694 1512 125 528 2342 959 
5648 1032 515 20 124 12 3835 45 20 124 107 23 195 51460 21 861 
7781 37305 109 8694 408 306 359 7627 13264 12 
7781 37305 84 77 51459 17 28 10652 384 
84 65 77 38455 21 9493 68 1021 12 8694 5151 384 84 
8 28 945 504 17429 40040 17 8694 1512 384 84 
8 28 12850 47947 40040 49 1404 28 231 39474 12 12 39474 231 12850 130 505 130 
28 2217 11484 109 7627 6215 12 
28 51448 9693 4 28 115 1971 51446 45 30 827 12 144 45 
84 77 45546 72 28 1971 51446 124 985 21 77 576 21 9756 
8694 5151 384 1481 21 827 12 1799 347 8694 5151 384 13668 504 17719 644 12 
49104 384 18 77 9565 74 28 5615 12 7437 31 5151 384 
84 77 33585 4 269 31 9 9756 2103 28 51448 9693 4 279 
161 124 184 260 21 515 28 504 17719 1313 124 109 1510 384 12 
68 18 12474 4 2610 540 384 229 77 49104 130 505 130 95 
36 184 49104 408 182 109 1479 4 9 10478 11010 12 
70 11442 18 77 6200 306 28 11661 1971 51446 
5824 4 30 827 12 827 21 2385 28 6108 31 9 2375 1616 28 
39474 12 12 39474 12850 5615 130 9 2483 5151 39474 12 12 39474 12850 43905 31 504 
51447 17 2385 20 130 222 4 28 51449 2385 12 
30 827 12 827 18 65 8 9 3230 4 198 540 35781 28 
39474 12 12 39474 12850 5615 21 2354 6133 4 28 231 1446 231 2171 12 28 1416 124 3804 
306 411 43905 31 504 2171 51449 12 179 51461 28 
51446 65 8097 70 3557 3828 4 28 5193 2939 34 9 5648 
51447 5615 124 528 51461 45 953 45 515 20 9693 49 45 17 28 
35850 31 916 20 12 68 5299 18 65 7877 77 4077 21 460 
51447 1537 12 
28 1971 51446 124 9 5648 10820 3261 1470 12 591 9693 
164 1374 540 231 1917 28 20618 231 31 28 384 7554 148 49 
1992 12848 17 51449 12 51447 9693 540 164 1992 21 77 
7877 21 5895 51462 31 504 164 10440 1389 28 231 1446 231 2171 
31 9753 17 164 9080 130 222 12 130 306 184 6476 3261 1470 31 68 
650 45 20 124 3559 261 21 8438 294 45 1994 45 51449 17 12848 12 
86 419 164 7823 49 408 12848 45 34813 45 17 51449 45 
20 124 3559 261 21 36022 9 51463 5141 51464 540 
1508 4 70 8160 31 504 12 68 124 13167 12255 251 107 
9962 12 
419 51465 49 184 3606 49 1440 68 229 8 2712 12 
72 161 164 184 463 347 3606 765 68 347 184 411 51447 
5615 347 6552 31 28 1971 51446 45 81 66 434 23 11661 302 11661 12 3519 12 
125 143 606 607 608 1535 2 608 2 623 335 
183 2 21281 302 17126 12 17127 12 853 12 590 
632 2 622 45 1259 3048 250 609 2 264 2 1255 141 4122 
125 2 7193 2724 
2072 2 176 31 175 
641 143 642 2 661 144 12 0 215 641 336 158 7 158 3440 143 22094 9 12 847 12 1970 25593 397 7629 219 
647 143 30 2 648 12 0 
21 2 98 99 
627 2 4766 397 7300 
3440 143 4766 215 13463 219 4106 3048 144 639 2 1973 2 637 250 
442 4766 1369 193 
28 7928 4766 30 109 28 26721 58 205 50257 3192 21 
30 648 12 618 12 68 124 86 31 9 3986 10820 18795 4 30 
144 12 0 167 827 45 144 12 0 167 644 45 144 12 0 167 729 17 144 12 0 12 277 31 68 164 1905 12 
28 4766 144 30 540 824 112 824 1357 35 77 34521 74 
11311 4766 143 144 251 81 2666 28 3828 1905 17 817 34 
568 68 30 51466 28 10820 31 15 6215 12 81 
220 107 572 68 30 4606 38 93 87 21 17 38 1442 
1929 28 35850 12 
184 463 229 77 9395 21 1562 12 51467 302 17127 12 853 12 590 
70 51468 18795 5777 4 4766 144 12 0 137 21 769 
3996 31 36379 12 
81 817 34 36379 124 107 28 310 130 5161 215 51469 
1905 219 12 28 18795 13886 2119 430 21 77 102 21 9 19451 
2404 125 15 1329 12 49 959 277 45 13106 28 3950 3804 
1905 540 164 449 23 1051 12 1219 144 12 2426 215 9 10820 1800 219 17 
1051 12 2648 12 2426 12 
20 124 2340 21 51470 2585 5161 17 36379 86 
28 5161 10820 1325 124 13825 7897 17 505 968 499 12 
36379 45 20 1465 45 926 107 8 222 9 1325 12 12 12 12 
68 430 124 1838 125 28 1051 10820 19741 13373 1304 1303 3876 
1772 7905 2 515 150 204 28 2923 2585 5161 17 36379 138 
6477 28 7995 4 2587 45 5161 17 36379 164 373 3272 
8292 12 5161 124 9 2234 1351 74 51471 215 9 342 31 4054 
17579 219 12 5161 13860 164 51472 921 9 9651 486 17 
13859 109 28 2659 150 204 6219 31 28 2375 12 1056 3864 459 21 
28 8777 143 561 1992 130 5161 231 51473 231 74 1938 
12075 12 48880 34 1947 28 2931 215 1383 445 
4766 20553 144 12 0 17 4054 150 204 51474 219 45 6456 28 9489 5161 
561 17 12847 37 12 
36379 124 9 155 31 13819 21 28 1056 2234 4021 
445 74 4766 20553 30 144 12 0 12 20 150 204 70 10465 2234 
1351 49 4276 28 4766 9752 158 20 58 28 3564 21 
3558 17 1276 8694 45 13868 486 10239 45 9781 9752 
8081 45 17 6456 17 12847 5161 51473 12 
313 36379 58 9 999 6545 21 5161 45 20 124 477 1392 
4 591 1438 12 
1772 7783 2 164 161 184 1992 10820 34885 4 36379 138 
38 84 77 13825 8085 67 36379 45 70 12489 386 
31 4766 20553 144 12 0 12 20 13886 591 4786 31 6822 430 
21 77 413 4 573 752 21 19451 8025 74 6392 143 499 2707 45 
308 28 17700 45 347 837 28 1162 31 28 1170 12 49 3521 45 9 
2110 27 5334 9672 2473 9 36379 455 90 17012 9 
1170 150 204 240 143 628 16 125 4766 150 204 2902 12814 17 13 20 
1170 150 204 240 143 628 16 125 4766 150 204 2902 12814 17 13 20 
1495 28 1971 12 
68 124 274 28 5824 12 757 8 12737 499 2473 21 11550 
36379 21 481 48 959 38225 51475 31 28 1170 150 204 
9657 12 28 13860 23 2 
824 1050 2 397 397 1051 12 1219 144 12 2426 397 763 51476 397 36379 12 1056 17 
824 1050 2 397 397 1051 12 2648 12 2426 397 763 51477 397 36379 397 6608 143 14 12 1056 
8383 2473 21 85 28 235 51478 3546 2 
648 12 2666 28 1170 150 204 2739 5610 110 17 51479 20 21 9 19451 2404 12 
144 12 2666 28 1170 150 204 19855 38137 215 233 3950 31 195 13232 
4210 8025 219 17 51479 20 21 9 19451 2404 12 
827 12 51480 9122 195 28 8025 9 1170 3589 17 51479 37 
208 74 208 21 9 19451 2404 215 28 4187 51481 395 28 
1170 7813 51482 125 4766 219 
644 12 3305 9 12266 2422 13380 31 28 1170 150 204 1430 584 19855 
17 184 1484 34858 34 13339 21 77 51016 12 
4 2001 45 20 84 77 261 21 11550 28 310 34885 21 17012 
28 1170 150 204 110 31 4193 19356 17 21 3305 28 6642 31 
1430 19855 6215 12 
107 445 124 68 38225 45 251 20 9681 9 51483 10820 
19635 12 72 8812 408 3864 215 222 130 7627 6215 219 35 77 
18458 45 111 28 3509 1430 2088 1484 7835 49104 21 9499 
4129 12 
161 1931 150 440 1029 21 77 184 185 21 6526 36379 2354 45 259 28 
7745 1422 124 21 1775 572 4766 648 12 648 347 212 34926 150 204 
9752 1775 12 6634 2354 5161 4 28 10820 2902 12814 323 58 
359 6832 109 36379 12 