Subject: 1 2 1044 3819 
2847 12 99 45 
410 31 670 1889 8 5486 9836 12 72 38 164 1449 1891 4 
1476 9 5751 45 208 31 670 546 1889 306 9 9816 1870 187 77 
392 10030 12 638 1044 17 5810 49 729 9844 12 68 926 107 1833 10031 45 222 
130 3852 3625 45 409 12 
143 143 96 97 45 
10032 10033 
1454 4013 
41 125 2 98 99 
41 632 2 606 45 1535 730 2405 333 2 142 2 1973 141 624 
41 21 2 2377 302 10034 12 1217 
41 635 2 14 
41 627 2 1044 3819 
41 
41 669 45 
41 
41 7 207 148 49 9 1874 143 1870 215 7 12 240 12 45 208 1870 49 373 219 1044 306 9192 
41 215 4 28 1044 219 17 5486 143 9836 49 28 1909 1038 144 215 4 219 21 1038 248 215 499 219 45 
41 34 124 49 3968 9844 12 90 38 81 82 14 83 2428 161 124 222 9 
41 1044 1357 17 2473 48 20 18 64 14 215 1141 9847 17 4186 219 138 
41 7 207 1891 4 28 9848 1416 873 28 414 2584 12 
41 
41 7 187 94 20 72 38 90 149 74 3193 215 1886 609 219 45 86 7 18 
41 77 497 997 1867 12 
41 
41 96 97 45 
41 
41 98 99 
41 