Subject: 764 21 1513 143 2405 
42 365 45 
192 49 4440 70 2080 21 1513 143 2405 12 72 38 8 107 
314 102 434 15 1446 358 45 419 933 19 21 357 20 4 
1552 1519 23 28 382 3583 2404 74 3079 45 3391 337 12 
91 255 8 114 1318 179 451 1906 947 158 7 2937 28 
9441 3984 124 21 572 1430 92 49 1320 365 45 259 81 
36 20 21 434 74 9442 4 15 92 9443 12 
72 38 8 107 779 752 15 1446 358 45 7 2574 38 21 
2666 1319 959 28 4441 49 412 12 179 8371 499 28 
1550 486 45 591 255 9444 28 4441 67 9445 
6987 21 208 7135 12 72 38 106 34 45 81 3812 20 4 
15 1446 1550 215 4606 38 8 314 102 20 219 17 6482 
28 411 7147 4441 109 28 382 2298 2404 12 
82 14 65 2574 38 21 2666 765 28 4070 49 412 4 
540 2495 67 28 1979 38 84 216 4 15 358 45 2258 
6842 67 2473 21 4691 20 7817 45 17 9446 
2119 1473 21 9422 15 548 150 204 466 12 28 9447 
65 9448 28 9449 31 231 1036 231 45 231 9450 1086 231 45 
17 231 294 9451 231 45 540 591 255 9452 130 1388 4778 109 28 
1550 486 12 
38 229 65 482 21 2666 765 28 1513 143 2405 367 486 45 540 38 
35 861 23 
28 498 486 84 1844 38 70 605 2473 419 150 587 77 1399 451 
49 418 12 72 38 482 21 7207 15 358 150 204 9453 45 220 15 
96 21 16 28 1148 3804 161 1412 4 15 1550 12 
3545 45 192 120 49 4440 9 358 21 1513 143 2405 12 419 925 21 
3043 28 367 368 4 2532 1551 17 21 36 2431 21 38 
74 1551 248 45 2405 12 
97 45 
3790 2516 
839 1176 45 1513 143 2405 