Subject: 1 2 20934 
3628 1298 4962 
714 704 15434 2308 2294 5221 684 687 51625 3014 1722 684 3114 
701 5319 2294 16098 12 707 684 700 8494 704 1645 687 51625 700 
3067 684 15257 704 10845 746 707 39850 70 898 569 705 1713 
8307 12 3057 1722 684 6726 704 8456 684 3757 4387 714 732 569 1713 
5359 12 2315 1734 1676 1713 17777 700 43086 746 1645 7478 
39850 684 3757 8489 12 70 21 39850 705 687 2774 5351 4399 3629 684 
3757 2294 3064 14972 746 687 5561 684 3422 70 4399 684 7623 734 
569 12 4933 747 14972 700 51626 6586 898 3713 746 1713 1682 898 
17025 12 
70 8456 684 21 44589 4416 51627 5093 689 684 51628 12 
21292 
41 143 143 143 143 143 546 626 143 143 143 143 143 
41 125 2 98 99 470 2723 2 613 302 1243 12 320 12 350 472 
41 102 2 338 1886 7284 135 2 894 
41 21 2 21292 12 48486 302 774 12 10763 12 853 12 590 
41 635 2 14 
41 627 2 20934 
41 
41 
41 48502 3628 1298 45 
41 
41 4907 3150 684 6416 3742 898 175 45 1678 746 14 902 48481 12 
41 
41 1298 8698 2780 14 3282 20060 215 10790 41101 219 322 738 8283 
41 21252 21 51629 689 687 14375 215 747 397 2502 5005 45829 219 746 1713 3295 
41 51630 51631 707 684 3757 17034 3165 685 215 705 1713 1721 
41 5333 707 17034 8495 219 12 21 51632 4405 707 21 70 8456 
41 684 3757 17034 746 51633 704 51634 684 3757 3282 569 15255 12 
41 689 4921 707 21 10763 746 10845 12 
41 21 6435 1721 700 70 1713 8495 902 5221 684 5333 707 
41 687 51635 12 
41 51636 704 51637 684 3757 16098 158 
41 
41 1713 3757 3165 897 902 51638 689 734 2744 2193 7842 746 
41 1329 3 12 732 18104 1645 732 44929 734 3282 936 
41 734 17997 3153 746 51639 684 3644 3115 5007 3158 734 51640 12 
41 322 51641 689 51642 4511 3679 248 12 7848 12 
41 3057 1713 18405 707 15092 12 
41 70 4930 4399 684 1298 3114 3135 12 
41 
41 3638 3721 45 
41 
41 1301 
41 