Subject: 3397 143 110 2 1310 397 10470 143 338 1324 49 1511 
28 10471 1085 382 109 1329 3 215 1310 150 338 219 
17 
28 5915 1085 382 109 2694 17 1961 31 1162 
1706 4 1738 215 10470 150 338 219 
247 827 143 248 45 7284 45 5778 45 1331 
2147 1324 49 1511 
653 653 653 653 653 653 653 653 653 653 653 653 653 653 653 653 653 653 653 653 653 653 653 653 653 653 653 653 653 653 653 653 653 653 653 653 653 653 653 653 653 653 653 653 653 653 653 653 653 653 653 653 653 653 653 653 653 653 653 653 653 653 653 653 653 653 653 653 653 653 653 653 653 4 7284 45 28 618 902 1085 382 109 1329 3 124 774 143 200 306 
28 729 902 1085 382 109 2694 17 1961 31 1162 
1706 4 1738 4 5778 45 1331 12 20 124 28 429 92 143 143 
423 143 759 143 143 34 9 2506 382 124 774 143 200 306 70 935 382 12 28 
774 143 1110 84 3318 10472 4787 49 4321 143 10094 2585 
443 373 424 1527 12 
306 68 2147 1324 45 419 164 6042 2403 49 1511 21 77 915 
1616 28 382 1867 31 1310 17 10470 12 137 21 28 2704 3574 
1002 31 28 373 2578 45 1511 18 77 9292 21 196 31 
1404 1111 12 9 429 1524 31 1511 18 77 915 109 247 827 17 
644 215 4 1852 21 28 10470 1119 839 219 45 28 431 1524 31 1511 18 
77 915 109 247 448 17 248 215 4 1852 21 28 1310 1119 839 219 45 
247 729 902 528 70 3608 517 49 2147 1521 3066 17 1333 
1849 12 
1511 1211 2582 17 196 70 1129 21 2223 
115 1142 4 1329 3 17 397 347 573 1365 4 9 532 17 
1932 2565 12 876 45 184 1845 34 124 31 115 1543 21 9 
4093 140 31 196 125 28 373 1182 90 77 28 
3989 31 9 936 12 1511 35 518 21 10473 4 143 4200 109 
1086 1142 45 251 35 65 77 2264 21 1036 1148 45 347 21 
463 3932 28 2540 17 1801 2210 31 1329 3 17 
573 1365 12 
936 832 17 418 
143 143 143 143 143 143 143 143 143 143 143 143 143 143 143 143 143 143 143 143 143 143 143 143 143 143 143 143 143 143 143 143 143 143 143 143 143 143 
195 936 196 164 1403 21 4292 49 28 1119 382 45 
17 1906 1546 540 936 26 164 985 21 1548 12 72 38 5631 21 
21 3318 1379 21 28 936 74 594 445 45 347 187 435 21 450 28 
140 31 196 864 45 111 81 1412 1039 259 12 
936 401 8 21 77 1901 1556 143 1027 74 28 936 
2582 12 26 18 77 2669 74 28 1310 397 10470 2582 17 2475 
1364 406 196 31 28 936 12 161 229 77 9 2147 358 
7267 49 28 401 12 
4 2001 45 161 18 77 9 2147 2298 143 418 31 195 28 936 
401 121 28 382 12 1423 45 1158 764 21 28 
1511 164 3037 2573 45 17 28 936 2582 164 2697 
21 1211 70 6230 30 31 769 401 215 9 5681 31 6642 306 
3949 21 1552 6843 31 28 451 124 4093 219 12 
2473 21 2339 9 936 
143 143 143 143 143 143 143 143 143 143 143 143 143 143 143 143 143 143 143 143 143 143 143 143 143 
936 2403 84 2586 28 829 430 49 28 936 
7711 17 375 21 4194 28 5859 45 819 17 1132 1543 
4 28 1464 1845 12 1320 936 84 8 208 347 959 2592 
2582 17 936 839 347 2390 756 12 179 2583 9 
936 45 81 1211 215 23 1557 219 28 235 430 2 
824 1334 31 28 936 1845 17 3590 12 953 220 38 2892 68 124 
70 530 17 7898 1845 45 17 953 220 38 2892 28 
936 124 96 915 23 1310 397 10470 138 515 164 28 1119 3590 31 28 
936 45 17 2473 187 196 2489 125 20 138 
824 1471 3268 12 125 540 1527 220 38 1916 2483 
196 21 3078 138 2473 591 196 220 38 1916 45 35 38 
314 105 91 31 37 138 2473 164 38 985 21 10474 15 
936 138 
824 2072 31 28 936 12 81 4268 28 1471 1519 31 
28 936 12 164 38 985 21 420 1521 2495 45 2580 45 
1173 1525 45 411 1362 49 10475 17 1932 
2565 138 164 161 184 3593 21 2743 28 936 1508 
215 6189 1310 397 10476 2298 418 219 138 
824 2582 150 277 12 81 1211 2974 2588 1141 2298 
449 31 195 2582 17 756 389 12 49 28 1119 2582 45 
81 1039 540 3128 26 8 4 28 1464 1845 12 
81 1549 15 936 2403 74 240 143 628 21 1404 1310 397 10470 936 
7711 12 
1540 
143 143 143 143 143 143 143 143 143 
936 2403 18 77 137 109 3595 609 902 45 7284 12 195 1511 18 
8 28 310 10477 2618 45 540 164 78 1905 12 4 73 21 
5697 9 10478 4099 31 28 401 45 1404 28 1556 143 1027 39 
17 9 2298 143 30 31 28 401 1906 77 1027 74 1038 246 902 45 7284 12 
2340 1915 2 
609 12 144 12 7284 2 936 1828 488 
144 12 827 12 7284 2 936 473 1555 
617 12 448 12 7284 2 1288 358 1550 488 
892 12 448 12 7284 2 1288 358 473 1555 
636 12 248 12 7284 2 1288 358 1556 143 1027 488 
246 12 248 12 7284 2 936 401 215 1556 143 17 2298 143 1027 219 
1310 397 10470 150 338 936 7711 
143 143 143 143 143 143 143 143 143 143 143 143 143 143 143 143 143 143 143 143 143 143 143 143 143 143 143 143 
10479 10480 1587 3487 
1609 1086 245 49 10481 45 1162 1706 17 1329 
1610 1611 3 
10482 827 45 127 31 1225 340 
9 143 10483 10484 45 10485 3662 143 6272 143 10486 143 4667 8417 
321 12 322 12 323 10487 45 151 143 10488 8417 45 1331 
240 143 628 2 10489 302 1662 12 3439 12 853 12 23 240 143 628 2 3487 302 10481 12 851 12 3400 143 8417 12 1095 
139 2 141 610 143 215 648 219 143 2244 147 10490 143 264 139 2 141 2449 143 215 9027 219 143 786 143 10491 
51 2 141 610 143 215 648 219 143 2244 147 10490 143 5816 51 2 141 2449 143 215 9027 219 143 786 143 10492 
1051 143 2404 
143 143 143 143 143 143 143 143 
9 2196 2684 1056 143 30 31 68 1324 35 77 275 23 
143 143 143 143 143 143 143 143 143 143 143 143 143 143 143 143 143 143 143 
3397 1132 110 
