Subject: 
215 7 102 68 626 125 267 45 251 20 1465 132 240 143 628 2375 
161 58 9 1021 219 
42 98 45 
215 118 49 2733 4 1103 158 7 5633 37 21 52696 251 45 
31 203 45 767 298 21 149 4 2942 2234 38 5633 219 
591 192 49 2733 21 132 4777 4 240 143 17309 12 545 45 226 
7 207 1383 109 7148 955 23 28 176 31 1576 45 20 229 
77 35608 21 8 9 3852 15617 67 28 2141 12 38 
35 66 14 4 132 157 2585 1257 2 454 207 17 248 2 454 640 215 450 157 
3852 140 1905 219 12 
7 933 19 21 4024 125 38 12 
96 1204 45 
10726 52697 
3054 124 28 52698 38 199 1960 306 98 52699 138 
10726 52697 
16378 1086 2048 45 
1617 31 3085 45 
176 31 1576 45 
617 17507 2642 45 
1576 1618 617 648 18855 
1620 1621 
1068 2 215 141 891 219 143 16269 143 52700 215 157 219 
215 141 891 219 143 16269 143 52701 215 3314 219 
51 2 215 141 891 219 143 16269 143 52702 