Subject: 1 2 641 336 41192 21 572 51180 1135 408 215 6261 219 
41 20 1930 476 5505 125 28 4278 13377 1269 336 17 1269 618 12 
5080 12 12 12 7 150 938 221 359 1021 306 1269 336 17 1269 618 12 7 150 282 568 9 4054 143 644 306 9 650 644 
51188 12 72 38 150 938 221 9 218 51188 45 824 347 824 38 150 938 576 51262 21 
2671 28 51263 49 91 31 15 13377 45 20 229 107 548 12 
450 2428 2423 58 1853 51262 21 2671 515 13377 164 12096 21 515 
51263 12 38 35 65 572 51264 143 25 28 1388 4 542 5052 45 17 450 515 
6520 12 38 84 36 541 435 2 
51265 363 45 40453 609 45 9626 359 45 5052 0 641 51266 45 
2240 0 641 144 167 45 51267 0 641 0 45 92 51268 45 215 4253 45 802 219 45 2240 2 215 4791 45 24611 219 45 
2228 0 641 0 45 51269 1254 215 51270 0 51271 1257 45 1269 618 219 45 310 1775 6613 194 45 
51272 2258 0 10933 2 231 231 
28 1084 1479 124 28 2340 657 45 177 20 970 215 51270 0 51271 1257 45 1269 618 219 12 
72 15 1269 618 2258 541 3191 45 628 14 182 17 419 150 587 450 515 419 35 220 12 
143 3267 