Subject: 1 2 3628 1298 193 
3628 746 3629 12 
1257 9 3630 3631 70 897 3632 746 902 3633 1298 3634 193 3635 
3636 704 3637 3638 3639 1692 902 1693 2310 3640 897 193 
41 70 2726 2804 3641 897 3642 3643 45 707 21 1676 1645 
41 1722 684 3644 718 3645 707 3646 707 21 1642 2297 3647 45 
3648 273 736 100 707 3649 12 1257 9 3650 1291 1257 9 3651 1658 3291 12 
3652 3653 3654 2294 3655 215 1676 1722 684 700 746 747 3656 219 2 
3647 3657 
3658 3659 
430 3660 3661 
3662 143 3663 143 3664 448 
3665 3666 
707 2294 3300 3654 2294 1778 3667 1257 3668 2 
1591 143 3669 3657 
3670 3660 3671 
3672 623 394 
3673 3674 
1331 
51 2 3675 3676 3677 143 3678 
3057 3679 704 1722 684 3680 746 902 3681 
2035 49 1353 3682 
3681 3683 12 
3684 3685 
3686 45 
3687 12 3688 729 248 1 
1200 12 741 12 
3689 1257 3690 746 902 3691 
3691 2447 3692 
3693 144 
3694 3695 
1331 
746 2294 3696 
3696 1331 
1085 1742 1086 
3697 12 1254 
151 143 3698 3699 
51 141 2449 143 3700 143 3701 
746 
3702 3703 143 3704 3705 2447 
3706 12 394 143 1250 
3707 3708 
1331 
3709 1676 705 3710 684 1298 3711 3107 707 21 3712 3713 
734 1925 1257 3714 12 
747 3715 3283 1713 21 3716 2310 687 3717 746 1257 9 3718 3719 12 
1722 684 2310 3720 193 
41 3721 3638 746 714 902 507 193 
746 718 3722 897 12 
3723 