Subject: 1 2 8177 143 7284 379 12 12 12 
42 98 45 
366 49 15 379 45 
28 9957 164 502 2 38 2209 5237 21 861 9 502 185 21 1125 28 
1508 
17 20 1465 34 15 379 58 205 9 2487 12 
274 208 2911 2 
4 28 361 45 28 2744 231 10442 231 124 7817 107 259 2603 45 
20 90 77 5046 4 541 435 2 
231 9 1329 3 1381 
34 10443 4347 31 2347 143 371 7697 143 7698 
863 17 4649 384 231 12 
251 28 260 124 111 515 220 419 220 306 1510 10444 138 
252 3586 10445 45 347 45 10446 5788 6578 12 
419 18 85 1510 2600 921 61 49 1892 418 72 20 
6520 12 
96 1204 
10430 
3054 2 35 38 13 21 434 28 455 2589 31 670 358 49 1892 10447 12 
192 
41 143 143 143 143 143 626 151 150 10270 143 143 143 143 143 
41 1095 2 262 8253 470 2723 2 8253 302 1243 12 320 12 350 472 
41 632 2 10398 343 10448 7284 618 2 135 
41 10274 2 10449 10430 158 10371 10269 
41 635 2 1230 1220 158 613 302 1243 12 320 12 350 158 
41 8253 302 1243 12 320 12 350 
41 10271 2 8177 143 7284 379 12 12 12 
41 
41 
41 42 10430 17 10269 45 
41 
41 7 8 2915 28 53 7760 2939 7 576 49 28 
41 379 23 28 
41 8177 382 12 7 8 4080 21 1833 130 48 130 261 
41 31 28 1615 
41 379 7 106 45 130 2600 109 1320 8133 12 
41 545 28 379 6741 673 17 419 777 373 463 17 373 
41 1525 121 28 1531 10450 12 28 463 199 2 
41 
41 648 219 179 38 2671 28 2347 143 371 408 45 121 178 28 
41 10451 
41 2585 28 373 384 45 2473 38 35 10452 34 443 538 220 107 
41 2686 28 3812 1036 31 91 31 28 411 2097 138 
41 28 260 112 114 74 28 1531 1176 17 58 9203 10453 
41 21 9 532 
41 2411 252 12 
41 
41 132 270 112 34 670 1946 2971 4 10454 753 
41 177 28 2347 143 371 
41 408 229 77 6459 12 2473 28 2347 371 408 124 21 77 2205 
41 124 541 
41 2893 21 28 1353 2090 34 2030 28 408 12 1892 45 4 
41 28 2411 
41 7 6336 34 38 35 4702 28 539 538 21 28 2347 371 408 
41 17 111 572 28 1381 120 45 4 73 21 1526 411 
41 753 34 164 369 
41 6461 45 137 21 28 538 12 215 68 112 1464 74 1230 12 12 12 219 
41 4 184 279 45 7 6336 104 215 28 1531 1176 219 34 28 
41 2347 143 371 408 571 21 77 6391 121 9 2671 4 28 
41 2347 143 6816 
41 4 73 21 7871 28 7895 12 28 10455 
41 31 753 10456 74 28 2671 124 541 34 419 2563 21 
41 8435 
41 840 4 28 460 12 
41 
41 144 219 72 670 1946 2971 4 10457 28 2347 371 408 
41 74 10454 
41 4347 28 2347 371 408 869 109 28 7818 576 49 865 12 
41 132 270 112 34 161 124 359 185 21 10458 4347 28 
41 2347 143 371 408 
41 869 1616 28 865 2204 45 130 1219 644 12 729 124 10459 765 28 
41 1508 2008 
41 74 28 2347 143 371 408 12 515 670 1381 10460 21 220 124 21 
41 4618 21 10442 
41 28 2347 143 371 408 150 204 7895 23 999 10461 765 92 2 
41 72 38 777 9 408 306 9 7895 9 23 92 776 440 45 670 
41 1381 10460 
41 21 10442 7895 559 9 23 9 92 440 141 541 12 251 
41 20 926 107 
41 1128 184 95 4 1413 21 7207 28 7895 9 12 
41 
41 2209 45 28 977 2411 112 9 841 31 28 830 
41 1946 21 9 
41 8069 160 213 58 230 28 10462 31 132 379 12 
41 
41 7 2937 34 1404 463 199 502 45 10463 34 4 
41 597 28 3268 
41 4021 670 1381 12 
41 121 28 379 419 150 938 221 91 1539 125 43 12 
41 5580 10464 45 173 
41 670 358 361 12 21 14 45 20 1465 34 28 572 31 28 2744 
41 231 10442 231 124 107 
41 259 2603 45 130 20 35 77 10465 130 9676 261 
41 753 31 1409 251 
41 65 1211 95 4 9768 37 12 3198 68 112 28 311 
41 49 260 648 12 
41 7 65 8 28 10466 34 313 419 10467 4 28 
41 358 34 419 445 
41 1526 9625 753 17 419 220 107 1211 95 4 
41 10468 37 45 20 124 
41 107 9694 10469 12 
41 
41 96 97 45 
41 
41 98 215 8253 219 
41 