Subject: 1 2 2012 4 1329 3 
7 8 2110 370 132 569 215 74 1086 219 23 28 176 31 175 12 
28 627 31 132 2016 112 28 150 1147 31 1329 3 1708 150 
17 20 3869 28 2013 17 9256 3261 31 3968 2343 143 
3 2950 45 306 6177 21 762 865 2166 12 
7 187 369 435 21 3042 9 2012 4 8944 143 2343 3 17 28 1845 
34 7 187 435 21 548 109 124 28 928 31 2343 10859 45 
371 109 28 3261 31 28 865 432 12 534 45 7 187 65 77 8161 
21 548 109 9 218 1845 45 540 187 3577 10 28 1086 3544 
31 28 1617 34 7 207 985 21 548 4 12 
4 68 760 45 28 235 430 187 77 508 1368 21 14 2 
9 12 15 2901 6351 109 2428 7 90 10880 9 2012 4 15 1617 12 
167 12 91 430 67 115 1086 2086 4 935 4 15 1617 12 
1219 12 28 5679 31 3306 222 9 2012 12 
3835 45 15 232 479 9 3547 554 49 2149 226 8175 
561 60 4 3965 143 249 12 308 222 9 8175 45 38 
187 77 52627 49 393 143 34199 388 31 10669 392 618 45 1857 397 1209 12 
72 38 187 77 1891 4 1544 4 4284 45 82 14 83 17 7 150 587 
13 28 1617 150 204 430 4152 12 68 58 430 109 195 
1086 1527 45 2584 49 37536 409 12 
19518 