Subject: 1 2 1044 3819 
46 38 45 98 45 49 15 9878 12 7 8 205 497 49 28 1335 1867 251 
482 38 21 83 34 7 106 36 15 273 251 7 8 7289 1357 23 
28 92 38 87 20 12 116 45 4626 9951 
143 143 143 143 143 143 143 143 143 143 
41 125 2 98 99 
41 21 2 9952 302 9953 12 1217 
41 627 2 1044 3819 
41 632 2 622 45 609 730 2405 1529 2 636 2 636 141 624 
41 
41 669 45 
41 
41 7 207 148 49 9 1874 143 1870 215 7 12 240 12 45 208 1870 49 373 219 1044 306 9192 
41 215 4 28 1044 219 17 5486 143 9836 49 28 1909 1038 144 215 4 219 21 1038 248 215 499 219 45 
41 34 124 49 3968 9844 12 90 38 81 82 14 83 2428 161 124 222 9 
41 1044 1357 17 2473 48 20 18 64 14 215 1141 9847 17 4186 219 138 
41 7 207 1891 4 28 9848 1416 873 28 414 2584 12 
41 
41 7 187 94 20 72 38 90 149 74 3193 215 1886 609 219 45 86 7 18 
41 77 497 997 1867 12 
41 
41 96 97 45 
41 
41 98 99 