Subject: 1 2 220 3372 51390 
41 41 41 41 41 231 98 231 653 653 2012 850 11945 2 
98 41 51242 45 7 129 36621 67 28 1440 7 777 306 568 
98 41 28 50778 1088 17 26 2143 14 28 235 270 2 
41 41 38 18 87 21 51382 28 40220 408 38 164 568 12 74 
41 41 7928 109 50781 45 40220 124 9970 7913 3558 933 
41 41 50794 12 86 28 3558 933 17 50778 1088 164 
41 41 12287 215 26 1320 8 769 2745 641 336 17 11165 1088 219 45 
41 41 38 18 445 77 159 21 8 40220 568 208 31 37 12 
41 41 
41 41 21 51382 45 220 28 235 21 432 964 15 40220 2 
41 41 
41 41 33325 51373 397 3314 397 50778 397 51376 618 641 33325 51383 
41 41 6605 392 51383 397 15338 397 1217 397 40220 
41 41 
41 41 111 2671 21 28 6605 2422 17 51382 40220 215 38 
41 41 18 87 21 8 3047 6169 21 28 40220 18579 
41 41 49 68 21 548 219 2 
41 41 
41 41 3992 392 51384 51385 143 641 653 143 22043 143 51386 143 51387 143 51388 
41 41 
41 41 68 18 7813 1455 28 2003 3558 933 40220 306 
41 41 9 50778 208 259 38 18 87 21 42446 347 4322 306 411 40220 
41 41 1369 429 12 534 45 419 2705 861 34 50778 124 959 
41 41 13526 1032 3558 933 259 4606 757 164 4133 11949 109 
41 41 568 3558 933 45 50778 124 28 10 1416 12 
41 41 
98 41 187 20 77 261 21 220 68 81 138 7 35 3078 9732 
98 41 17 95 72 7 35 77 31 184 572 12 7 93 87 21 36 68 
98 41 964 17 916 130 1028 130 261 12 
7 187 435 21 450 1346 429 34 38 8 129 195 28 
411 40220 1369 17 221 769 2382 158 26 12238 21 77 39864 
1369 17 229 107 77 11949 109 509 18527 31 1409 461 179 
916 20 1389 3558 933 12 
72 38 35 20539 14 28 757 439 150 440 188 45 111 130 9 1825 31 28 
41603 38 8 28 2939 51391 21 220 28 51382 3545 1897 12 
51242 