Subject: 91 430 67 115 1086 2086 4 935 
7 52628 21 270 68 260 12 82 14 220 34 369 12 
36463 40044 926 1086 4 3 17 2576 215 240 12 913 12 45 49 35423 
10439 219 45 3 17 8965 17 1485 143 371 3 12 9099 
52629 926 548 109 237 1504 45 2259 49 2346 
3 31 52630 12 40551 40550 926 9990 548 109 3 20784 
11005 17 52631 1504 12 3253 322 150 39872 215 213 229 107 77 487 997 1209 219 
58 506 548 109 52632 17 4337 17 22332 12 
4 2001 28 2227 1905 45 7 150 938 205 312 548 4 64 143 8812 
3 1708 45 2512 143 41248 3 45 17 9608 2526 12 
534 45 508 31 132 548 3606 2473 52633 1162 41538 
28 3 368 12 
1086 2227 
100 9559 
28 2194 1823 9586 132 1086 124 28 19897 
17 3261 31 3 1362 34 481 572 31 1481 
1162 21 1460 28 3 368 12 9392 45 443 
3 1362 10877 8944 215 7 12 240 12 45 52634 347 
573 143 13091 219 17 6827 143 371 215 7 12 240 12 45 35854 347 
1162 143 9053 219 3 1337 12 28 2195 124 21 6825 
3 384 34 3357 130 2886 3128 1162 45 
313 17384 17 7751 45 998 306 865 
2230 45 17 2188 21 481 12659 34 164 959 
1955 1032 34 869 74 1553 28 3128 1162 
12512 45 347 74 28 1508 31 1398 70 1703 1400 109 28 
865 573 12 
132 2417 45 540 112 3044 17 27 4 32 
486 470 648 472 45 9397 40007 45 9 3 408 34 58 28 
2690 31 1439 1162 36570 17 1892 568 
68 1162 21 3612 1162 143 9053 3 12 68 
1086 112 4005 74 12429 8431 109 28 4786 31 
430 34 255 572 1616 3 17 2473 68 
430 2961 28 677 31 3 12 386 31 68 1086 
65 4212 109 28 928 31 8987 2161 470 144 472 12 4 
68 358 45 20 124 12795 34 4 2001 21 1402 1162 31 
3546 17 6832 45 28 368 31 3 8987 2161 124 
65 52635 74 597 1162 31 49068 12 34 124 45 
8987 2161 34 11565 21 208 31 9 140 31 2194 
8804 31 8987 2161 164 13144 49 1353 2906 21 
2188 12 68 358 65 1128 9256 1346 2191 
125 1353 2906 12 70 7851 11066 34 1353 
2906 3 9 8987 10827 34 52636 21 208 
2259 8987 1990 1207 6388 52637 1032 2906 
3 9 8987 10827 34 38731 68 1990 12 4 959 
427 1086 4 68 1988 470 827 472 45 7 8 2591 1148 31 
3 179 28 3128 1162 124 7865 597 12 4 
2001 45 4 470 644 472 7 8 2591 28 421 31 28 928 31 
28 2194 8804 31 8987 2161 576 74 40007 17 
2482 34 26 35 77 12493 74 148 49 47893 
1364 2097 275 74 70 8944 10597 12 
470 648 472 9559 45 282 12 215 9983 219 12 9623 9 4215 31 8987 
2161 2 70 1145 31 8944 17 
6827 143 371 3 1362 12 52638 45 17392 2 
19352 52639 11978 12 
470 144 472 9559 45 282 12 215 7306 219 12 
9 3348 2019 31 3 8987 2161 12 
2114 340 45 1535 45 5744 143 21857 12 
470 827 472 9559 45 282 12 215 16528 219 12 10454 17 10619 4347 31 
5910 121 6827 143 371 3 12 401 31 
28 9047 236 2147 382 109 1610 
1611 215 286 12 24626 143 30851 219 12 52640 45 6485 2 36441 
36442 12 
470 644 472 9559 45 282 12 215 4 
25 219 12 3 8987 8804 2 1476 9 1340 125 
573 143 13091 21 2019 143 13091 3 12 1329 3 12 
132 959 427 1086 58 4212 109 959 7140 
2160 1148 13336 1616 28 1136 31 40007 12 4 
2259 45 7 8 1482 28 572 31 1481 1162 4 
3 125 2044 45 12429 45 3348 17 
2033 3508 31 3620 12 
2044 3028 31 3 1708 
418 470 729 472 215 70 9463 30 31 540 18 108 4 
470 448 472 219 9397 70 1946 21 4180 279 3261 31 3 
1708 12 28 4180 279 1325 124 371 6125 2610 45 
49 9 78 2397 31 2230 45 28 11107 34 70 
1400 18 8851 542 12380 17 28 6832 34 9487 
28 12380 18 8 109 28 4329 31 28 12380 12 
6 199 7548 49 754 218 1708 3 
125 9 1402 2397 215 9 8366 2397 219 12 20 112 
3376 34 9 2259 1400 4569 8944 17 
6827 143 371 3 470 248 472 124 959 1955 1032 1553 542 
8944 347 6827 143 371 9677 12512 12 70 4180 
279 1325 112 539 86 28 231 773 231 2044 
6 31 3 1708 215 7 12 240 12 45 181 10669 
3812 6 219 164 12503 143 279 6 17 28 12503 143 279 
9462 31 195 754 1708 124 8854 12 68 358 65 
44540 28 4635 125 540 28 4180 143 279 1325 
112 9593 74 44210 2716 34 20 8673 
49 9 762 10429 31 28 36301 4 12318 4329 109 9 
34198 42504 573 432 17 109 1315 1610 573 2166 
52641 8805 21 52642 4635 31 28 1325 12 
470 729 472 9559 45 282 12 45 317 52643 45 781 12 215 16528 219 12 4180 279 3261 
31 52521 3 1708 12 401 31 28 
36725 236 382 109 1329 3 
215 286 12 13480 143 31596 219 12 12139 45 15349 2 36441 36442 12 
470 448 472 9559 45 282 12 45 317 52643 45 781 12 215 4 25 219 12 9 1988 49 
4180 279 3261 31 52521 3 1708 12 
1329 3 12 
470 248 472 52643 45 781 12 45 317 9559 45 282 12 215 16528 219 12 208 143 4154 1708 
49 11559 8944 17 6827 143 371 3 12 
401 31 28 10091 236 936 109 
1329 3 215 286 12 512 143 1304 219 12 11585 45 3170 2 36441 
36442 45 
19897 31 1353 3 
132 1543 4 1329 3 1708 34 10877 
52634 17 35854 1362 6197 125 28 2177 34 
48 31 1353 3 31 17189 2161 35 77 
37672 130 568 9 1372 31 443 1362 12 386 31 
132 1086 58 205 28 16579 31 12429 
1168 21 14205 28 4336 31 2119 4786 31 1481 
1162 109 1353 3 4222 12 28 12429 1086 
124 1374 21 5615 20865 34 2219 1616 28 
1136 31 3348 6 31 3 12 9392 45 
28 9601 6836 8879 124 28 3 677 130 
2581 74 28 140 31 52637 12 418 470 248 472 11066 9 
3 1021 4 540 28 6832 31 9734 306 1481 
1162 9644 28 6832 31 2343 1359 4 1353 
36364 12 418 470 617 472 35342 6125 68 5528 12 4 
2259 45 4 2001 21 28 3 677 45 68 358 11066 34 
1481 1162 36311 28 9666 34 2906 1548 21 
17 28 4786 31 20865 12493 12 4 2001 45 68 418 
11066 34 28 650 31 1162 576 74 1353 2906 
62 2164 77 10573 921 28 4342 2019 576 74 
6827 143 371 3 12 9 218 656 31 1162 45 
70 9690 2019 45 124 1464 12 4 222 9 2019 45 28 9690 
31 1315 10995 124 1992 45 251 9 4342 2019 926 107 
1546 9 1361 3530 31 4569 28 10995 12 418 
470 1257 472 40450 68 548 17 44540 9 49308 1325 371 
6125 18091 31 9903 489 1032 9734 306 1481 
1162 12 20 124 3376 34 6552 18091 6 62 
61 49 3039 2100 1920 4 540 373 7558 
9903 6223 52644 9 678 9690 109 70 13741 
251 51699 52644 9 4349 9690 12 
470 617 472 9559 45 282 12 45 317 52645 45 151 12 215 16528 219 12 28 9690 31 
1481 11005 109 28 38191 31 2343 928 12 
401 31 28 9047 1840 382 31 28 
2114 340 1816 215 286 12 23694 143 52646 219 12 2629 52647 45 6485 2 
19352 52639 12 
470 1257 472 9559 45 282 12 215 7306 219 12 28 9690 31 1481 1162 109 
2343 928 2 9256 17 3348 
1508 12 1181 31 9256 5608 2 3 45 
4215 317 11879 45 343 45 827 45 14796 143 46111 12 
470 848 472 9559 45 282 12 45 317 
52648 45 913 12 215 9983 219 12 6552 1326 17 12380 
1326 6 31 1703 12 401 31 28 10471 
1840 382 31 28 2114 340 1816 215 286 12 
52649 143 32499 219 12 2046 45 3969 2 19352 52639 12 
28 1136 31 3 1708 
7 8 65 205 3869 306 28 8849 31 3549 
3 1708 12 2110 470 336 45 618 472 1315 31 132 8119 
2492 215 36538 52650 17 3934 52648 219 17 7 8 7548 9 
7898 6475 21 19518 35930 150 204 52651 839 12 52651 124 
70 8944 3 839 34 1348 70 430 143 371 
1172 4278 21 2188 20784 41265 1920 12 7 8 
8805 9 10395 6827 143 371 3 839 
34 1348 28 310 430 143 371 8051 21 1460 28 822 
368 12 28 7888 2200 408 215 52652 219 58 205 
3376 21 85 13350 31 17384 17 7751 4342 
11005 12 4 2001 45 28 6832 31 411 3581 31 3128 
1162 45 222 130 11311 17 49936 2161 45 112 
2170 1404 36570 17 37547 12 52652 124 1140 4 
34 28 1145 2585 8944 17 6827 143 371 
3 124 2201 1032 34 31 272 384 12 1404 28 
6827 143 371 17 8944 3 2179 2443 28 
310 2918 215 2927 36762 21 9 41265 1389 2691 219 17 
572 28 310 1172 4278 12 1851 45 28 4342 
2019 576 74 28 6827 143 371 839 4271 8447 
34 35 77 576 74 28 8944 839 12 419 8 65 
4639 3 4 68 1988 179 28 865 573 124 
9564 4348 470 636 472 12 68 3 408 58 205 
47772 21 9 140 31 775 1141 1510 23 10133 
1341 45 38775 1086 1341 17 340 
2033 236 4207 12 
470 336 472 9559 45 282 12 45 317 40044 45 151 12 215 4 25 219 12 28 3540 31 1481 
1162 4 1505 3 12 1329 3 12 
470 618 472 9559 45 282 12 45 52650 45 1219 12 45 317 52648 45 913 12 215 7306 219 12 9 
1162 143 9053 1946 21 3 9966 
1920 12 401 31 28 19879 236 
936 109 1329 3 215 286 12 46111 143 21927 219 12 52653 45 
1248 2 36441 36442 12 
470 636 472 52650 45 1219 12 45 317 9559 45 282 12 215 7306 219 12 70 19897 31 
2512 41248 9966 3 1708 12 401 
31 28 19879 236 936 109 1329 
3 215 286 12 39008 143 9027 219 12 52653 45 1248 2 36441 36442 12 
561 31 3 1362 
9 35910 31 132 1086 58 4212 109 9979 2003 
3 1362 21 1440 4 1527 222 130 1238 17 
34219 340 12 49 3521 45 470 135 472 9397 70 1036 31 
6827 143 371 3 21 9 1021 31 9676 
1391 34 164 16850 31 9 9677 10060 4 28 
52654 1740 408 31 28 52655 143 5021 10662 12 68 358 
9397 9 1381 49 3 4337 2274 215 7 12 240 12 45 2097 
34 12638 11037 2585 573 9706 4 9 52656 
10160 219 125 430 13226 4 9 12337 1325 31 28 
10662 12 28 1036 31 9 3 1381 21 573 109 492 
8216 6162 124 4283 4 470 1535 472 12 
470 135 472 9559 45 282 12 215 16528 219 12 3 11260 4337 2274 
125 19646 1836 12 4 2502 12 2550 317 241 12 2333 
215 7339 12 219 45 1329 3 2 70 1610 1611 
1946 215 3326 5021 219 12 11079 36100 45 3815 2 36441 
36442 12 
470 1535 472 20394 45 440 12 45 9559 45 282 12 45 317 52648 45 913 12 215 7306 219 12 568 
4342 1162 21 9690 7995 13723 12 
279 143 371 2101 936 12 8021 45 1774 2 
36441 36442 12 