Subject: 1 2 4070 539 
4425 98 45 
7 439 150 440 83 184 502 422 109 231 3831 231 35900 12 51589 150 204 32 124 28 
96 208 109 5112 1362 31 35900 45 251 443 164 8802 1430 12 7 
2937 161 124 9 1895 2898 109 3831 1362 12 161 164 91 502 422 109 
39277 1362 143 251 435 4052 45 7 150 282 3800 74 28 1360 31 9 502 32 12 
51590 150 204 68 124 137 21 28 1360 31 48 1368 2019 109 9508 1362 138 
111 120 45 7 5419 150 440 205 312 48 109 68 49 9 1427 45 259 7 90 8 
2619 9 502 13639 12 
7211 12 
4052 2528 101 2 
41 98 45 
41 
41 502 260 12 7 220 107 83 31 9 502 32 109 8212 347 
41 109 1707 1708 12 107 31 28 773 31 2496 150 204 
41 32 109 1329 3 347 1976 150 204 32 109 2345 3 
41 4 237 1504 12 161 3196 77 222 9 32 45 4133 109 
41 8212 45 17 9 140 31 422 109 3517 1424 8 
41 3078 499 2110 12 7 18 8 9 933 559 45 251 45 118 45 7289 
41 479 2354 28 8147 109 132 2032 12 
41 
41 1305 2496 58 1003 9 32 109 1707 1708 17 
41 1595 51591 58 1003 9 32 109 9319 1362 4 8212 12 
41 443 422 164 9121 158 107 47 2263 9429 45 17 
41 13373 45 4133 28 3512 12 215 28 2013 422 109 3360 45 
41 222 130 51592 150 204 32 347 51593 150 204 32 45 164 185 531 2013 12 219 8212 
41 124 9 1342 627 158 161 1906 77 9 502 32 109 34 12 
41 
41 765 21 38 45 7211 138 
41 
41 143 4052 
143 143 
7211 51594 
1617 31 1225 340 45 
176 31 175 45 
175 282 636 1257 645 45 590 12 
1068 12 141 891 143 3362 143 3363 143 51595 
51 12 141 891 143 3362 143 3363 143 51246 