Subject: 1 2 470 1 2 215 387 219 472 472 
42 98 45 487 124 28 2377 2 
9798 9799 400 
1194 1195 1119 157 
7523 9800 2464 
1194 1195 45 3815 9801 
9802 105 2 8113 176 9802 2 9803 
1285 2 9804 143 9805 
81 1833 15 2901 430 45 1513 382 45 7770 441 12 499 31 9806 45 515 124 28 1021 306 50 28 1058 1059 277 
74 51 45 489 1032 1461 28 109 143 1479 486 138 8113 150 204 294 3617 9807 
9808 240 143 8443 45 124 21 107 3357 1058 1059 680 6133 6230 12 419 
35 150 440 837 3357 37 23 387 49 977 5889 9793 12 
97 45 
9340 9776 
382 3553 
9777 302 4766 12 3519 
36 15 2745 298 45 2901 4766 9778 61 328 23 1050 2 397 397 9778 12 4766 12 1217 12 