Subject: 1 2 17034 3102 52393 
4866 150 14968 3628 1298 2289 746 6514 684 52394 714 2832 4908 12 
6684 705 3710 684 1298 3711 3643 707 3150 732 1685 1670 
734 50319 1645 9169 1721 684 5239 3299 4452 4836 707 
2294 33551 3293 3102 4817 1670 4907 684 734 52395 684 8647 718 
52396 1298 12 
1722 684 43208 704 21 3021 3293 700 3282 714 732 4416 8269 
17532 2297 19166 746 1727 40685 704 52397 4996 52398 
746 52399 52400 1670 21 52401 215 8312 52402 1670 700 
701 52403 219 12 1713 1721 746 732 3742 2310 4933 747 33551 2324 52404 
5571 52405 707 52406 736 16663 12 
707 21 1524 689 2546 705 8498 5158 3014 1645 9169 718 
8545 3153 684 39920 746 684 1298 3299 12 3653 8350 747 33551 898 3021 
700 3724 215 52407 52408 45 2754 47046 45 2781 46962 
17027 1734 707 684 52409 219 12 
705 4976 70 52410 52411 746 2812 707 1329 3 45 4981 70 
1645 15625 684 52409 746 14 3014 52319 5351 52412 684 5092 746 5016 
51706 3293 12 70 4930 4661 897 3282 4919 628 12 
2789 1655 21 1725 746 1645 9169 684 1298 3644 215 8283 3654 219 3643 
707 687 2546 12 
3628 6404 
21274 