Subject: 1086 36997 4 1662 
1086 8175 4 1610 1611 
1662 342 143 127 31 1225 340 
28 176 31 884 
561 164 1521 49 9 754 1209 1272 12 151 12 1086 
8175 417 21 1947 28 1086 548 31 28 342 4 
1133 12 
28 1349 17408 18 3210 28 1662 1086 1524 31 28 
176 31 884 4 9 1086 2141 2965 74 28 
1085 5486 10894 1740 1800 45 52245 45 4 28 
1036 31 9 12 7 12 17 237 2636 1337 4 28 2018 
31 52246 34907 384 7895 3261 17 
1800 12 
6123 49 68 417 1906 35851 2 
648 219 2491 16911 4 70 9 12 7 12 347 2636 
1846 16912 12 
144 219 3564 21 572 13243 17 2596 306 115 
1162 6816 1507 1337 17 1366 12 
70 1543 4 52247 187 77 70 13350 45 4133 4 
5486 10894 1740 12 
130 68 1086 124 11032 74 52245 28 1349 
17408 124 2697 21 1548 3588 17 548 49 1893 
11673 31 92 23 28 52245 1086 2052 4 1133 12 
28 1349 17408 124 65 2697 21 4292 49 9 1272 12 151 
3269 306 28 176 17 214 397 55 18 128 1257 45 1857 475 
321 12 9 12 215 5810 298 219 833 16590 49 1061 45 7748 45 
1111 17 422 12 195 52248 17 7759 388 18 
77 484 77 28 176 12 
21 4702 13 70 6476 1219 12 1221 12 21 2 
1221 12 52249 
2032 31 1662 342 
127 31 1225 340 
176 31 884 
360 294 52250 4671 
2643 781 648 282 617 22394 45 590 12 
1068 2 5849 143 24215 143 5620 17067 52251 397 52252 
51 2 5849 143 24215 143 52253 
273 2 4485 302 590 12 853 12 884 215 3977 219 
4485 302 884 12 853 12 590 215 1971 219 
28 488 49 561 124 28 892 397 648 397 2037 12 
41 125 613 302 851 12 852 12 853 12 590 606 956 1304 636 2 1973 2 1808 2037 
632 2 606 45 1304 956 1819 636 2 1973 2 264 4051 
125 2 98 99 215 569 415 2012 850 219 
21 2 4485 302 590 12 853 12 884 
627 2 1086 36997 4 1662 
635 2 16407 302 851 12 852 12 853 12 590 
641 143 1000 2 512 
659 2 660 
649 143 447 2 52254 
42 2847 12 52249 45 
35 7 8 91 959 430 67 28 548 3869 4 
28 2141 34 38 5855 45 130 505 130 28 959 597 
548 506 109 1662 4 15 1617 138 
7 6132 34 38 314 8 293 132 429 626 45 
177 7 4018 1904 12 21 28 115 626 7 1903 
132 2292 215 4 1813 45 1552 486 219 130 870 4 15 
626 12 7 2937 68 124 28 21036 185 34 7 35 13 20 
21 38 45 226 28 488 124 47 1276 12 
7 207 148 19 21 4024 125 38 1028 12 
46 38 4 269 12 
98 99 12 
52255 52255 52255 52255 52255 52255 52255 52255 52255 52255 52255 613 302 851 12 852 12 853 12 590 52255 52255 52255 52255 52255 52255 0 52255 52255 52255 52255 606 956 1304 636 2 1973 2 1808 2037 52255 52255 52255 52255 52255 125 613 302 851 12 852 12 853 12 590 606 956 1304 636 2 609 2 1255 2037 
632 2 606 45 1304 956 1819 636 2 609 2 1973 4051 
125 2 98 99 215 569 415 2012 850 219 
21 2 16407 302 851 12 852 12 853 12 590 
627 2 1086 36997 4 1662 
649 143 447 2 40483 
641 143 1000 2 646 
659 2 660 
41 125 613 302 851 12 852 12 853 12 590 606 956 1304 636 2 1973 2 1808 2037 
632 2 606 45 1304 956 1819 636 2 1973 2 264 4051 
125 2 98 99 215 569 415 2012 850 219 
21 2 4485 302 590 12 853 12 884 
627 2 1086 36997 4 1662 
635 2 16407 302 851 12 852 12 853 12 590 
649 143 650 2 641 143 4054 143 2859 
649 143 447 2 52256 
42 2847 12 52249 45 
35 7 8 91 959 430 67 28 548 3869 4 
28 2141 34 38 5855 45 130 505 130 28 959 597 
548 506 109 1662 4 15 1617 138 
7 6132 34 38 314 8 293 132 429 626 45 
177 7 4018 1904 12 21 28 115 626 7 1903 
132 2292 215 4 1813 45 1552 486 219 130 870 4 15 
626 12 7 2937 68 124 28 21036 185 34 7 35 13 20 
21 38 45 226 28 488 124 47 1276 12 
7 207 148 19 21 4024 125 38 1028 12 
46 38 4 269 12 
98 99 12 