Subject: 1 2 382 1800 
2409 
192 49 28 594 21 3210 15 1902 756 12 
7 3357 193 130 21 3358 9 358 7 207 107 474 7 8 184 
3203 21 3359 274 369 12 515 124 28 1540 138 7 3196 77 
159 21 220 541 109 568 3360 4 1325 1326 12 
1984 
1984 3194 1984 12 3194 302 852 12 853 12 590 
127 31 2540 3361 1068 215 141 891 219 215 0 219 3362 3363 3364 
176 31 175 51 215 141 891 219 215 0 219 3362 3363 3365 
2010 2642 
175 282 636 1257 645 1050 2 397 397 1051 12 3366 12 3367 12 852 12 853 12 590 397 
143 143 143 143 143 546 626 143 143 143 143 143 
125 2 98 99 470 2723 2 613 302 1243 12 320 12 350 472 
102 2 333 511 136 338 2 1795 
21 2 1984 12 3194 302 852 12 853 12 590 
627 2 382 1800 
42 1984 
98 99 17 7 164 2498 964 70 1902 3340 49 9 
936 109 231 573 1365 4 3085 45 3199 17 857 231 49 68 
1821 12 20 124 386 31 28 243 203 109 1610 1611 
49 335 215 1642 143 1082 219 21 77 915 23 1013 17 3341 31 3342 234 
17 2033 1511 12 28 110 31 196 124 93 3086 
215 1141 1976 130 70 1521 2145 219 17 7 968 34 38 3196 
77 1891 4 3343 434 109 28 1902 3340 138 20 187 
3190 3344 9 224 31 752 451 21 3345 34 9 502 
773 124 528 3346 12 38 164 65 1521 21 1549 9 358 
1897 215 1707 3368 138 219 12 
220 38 2937 34 38 3196 77 1891 138 
7 207 4 268 23 28 3315 305 125 98 150 204 1225 259 81 
572 68 273 16 49 3347 12 
487 124 28 382 2298 16 2 
8 9 465 3206 45 
2409 3081 