Subject: 1981 109 2366 
98 
132 6478 58 7950 38 921 2 
52657 3342 930 23240 9815 2464 
540 124 47 4241 28 9815 150 204 2050 2404 12 
38 35 85 9 5898 215 648 144 827 644 409 219 125 5891 2464 21 52657 2464 12 
4 28 1850 38 18 77 4 941 11071 9261 31 28 3274 540 124 109 
28 52657 150 2050 2404 4 28 52658 2692 540 124 997 21 28 9816 
4134 1135 12 
72 38 8 1440 45 132 139 2589 164 2 16321 52659 215 3314 219 
317 52416 397 3876 215 3274 219 12 
132 157 124 1044 29856 52658 317 7 150 587 1916 21 450 38 23 559 1257 12 1529 207 12 
673 138 
3485 3486 