Subject: 1055 430 
46 38 49 15 3214 49 4222 17 6466 23 28 9879 
1055 4 1194 1195 12 28 4222 870 164 130 1528 2 
632 2 1038 144 143 248 45 2405 
677 2 392 9025 12 1529 2606 1044 45 2606 4496 45 833 135 3471 5810 12 
4 73 21 481 9 5751 12 7 187 87 9 1058 1059 140 49 
5697 12 81 4439 434 306 1058 1059 430 72 38 467 21 
481 9 5751 12 
81 817 2 677 45 5810 17 6466 164 115 130 31 68 240 143 628 45 
17 164 627 21 2671 308 4545 12 
28 9879 1055 
28 9880 1530 38 21 2596 28 2923 9 122 599 
8868 35 481 4 9 476 1055 4 1194 1195 12 28 9879 
1055 370 542 1711 143 9881 7770 9882 839 4 
247 45 136 6281 28 9879 150 204 9883 21 542 554 
9884 150 204 9885 12 195 31 28 9024 3342 9886 17 9887 998 306 28 
9888 45 1841 1462 45 5115 17 1273 8 205 1442 9889 12 
28 1055 150 204 1110 109 9890 9891 2464 4 7773 1194 
1195 9892 38 9893 38 482 21 77 12 274 373 2693 497 38 
18 861 28 423 143 9894 9895 9896 17 754 2693 497 38 18 
861 9897 5891 3908 306 542 9898 45 9296 17 1617 
9899 12 
9900 150 204 9901 5115 45 670 7482 5115 45 124 3558 49 
1871 17 9902 12 9900 150 204 9903 1009 9904 869 125 28 
9905 1430 9906 12 
3588 45 1111 45 9907 17 9908 164 9 9909 4147 
23 28 9879 1055 306 670 6106 9910 1617 17 2978 
9911 3908 9912 31 6826 1462 12 
3078 7952 28 9913 9914 17 9915 1110 34 1375 
28 9879 1055 38 96 1441 4 1194 1195 49 1166 347 
2365 12 
72 38 8 184 260 45 347 87 5926 4 1476 9 5751 45 
38 229 51 28 1045 1617 352 23 215 9916 219 9917 143 9918 45 240 143 628 
434 23 1045 302 9879 143 1055 12 1217 45 347 38 229 1324 28 
1045 1617 23 6255 143 6549 143 9919 215 332 143 622 45 617 207 143 729 640 219 12 