Subject: 1 2 1051 12 9865 12 1217 1051 12 9866 12 1217 
98 99 101 2 
41 
41 90 38 81 2949 14 2428 28 1044 124 9871 138 
41 
41 192 12 
41 
41 98 99 
41 
41 1045 101 2 
41 41 
41 41 1045 101 2 
41 41 41 
41 41 41 1045 101 2 
41 41 41 41 
41 41 41 41 1045 101 2 
41 41 41 41 41 
41 41 41 41 41 419 220 8 1044 9867 23 28 1606 17 28 677 49 28 1044 124 
41 41 41 41 41 392 5020 12 1529 2606 4496 21 6354 419 87 9 3986 1058 1059 306 9868 
41 41 41 41 41 632 17 7 18 102 38 28 4759 140 45 81 82 434 83 
41 41 41 41 41 515 92 38 18 77 950 23 28 1055 45 65 670 5700 
41 41 41 41 41 3617 124 1809 954 12 419 65 8 9 9869 747 0 1068 200 997 9858 17 
41 41 41 41 41 28 677 28 124 392 280 12 1529 2606 4496 12 38 35 65 6354 28 9870 
41 41 41 41 41 1055 306 434 12 118 359 1114 
9872 124 359 5486 9873 45 161 164 67 1512 3471 1055 4 8402 359 5486 45 20 124 
4784 7986 487 12 