Subject: 6056 3828 231 51327 231 
42 17894 45 
68 124 107 28 771 39417 6056 3828 34 7985 595 38874 74 
505 143 51328 255 12 9 294 6056 35337 68 1850 124 12405 109 
28 1971 435 51329 12 7 293 20 9533 328 12 20 58 231 51327 231 4 
28 627 1479 17 28 626 970 231 8721 4322 28 2915 51330 
963 125 14 12 231 
220 107 3558 347 36027 109 28 2859 193 20 124 107 70 12 17924 2939 251 9 
12 51331 2939 45 9 2608 456 5334 2939 34 35 12847 35773 4441 12 
6214 50 1948 21 255 4 15 16 32 7 439 150 440 83 515 3191 
20 926 215 20 150 204 259 294 28 42943 35784 439 150 440 5855 20 779 219 12 481 474 
38 6631 28 626 17 2859 7813 215 240 12 913 12 74 20901 19413 
6631 4 4722 219 12 
7 207 50 68 4 8076 21 508 255 4 132 16 32 12 1321 21 
1510 213 8 314 205 307 347 213 164 314 39755 12 161 150 204 
359 87 21 149 21 68 626 12 
3799 9175 45 
36495 
143 143 143 143 143 143 143 143 143 
4783 21 28 9595 302 13847 12 9345 12 1309 133 110 12 
21 9253 45 13 70 273 626 21 11091 302 13847 12 9345 12 1309 
306 28 7255 231 9253 9595 231 4 28 6290 31 28 626 12 