Subject: 1 2 9878 
419 220 8 1889 1357 49 34 92 1909 12 28 677 124 392 5365 12 1529 872 2606 
4496 49 208 1870 45 392 4251 12 1529 872 2606 1044 2606 4496 49 9 1044 306 373 7796 45 
392 9022 49 9 208 143 1044 9816 9831 45 17 392 3363 12 1529 49 9 373 143 1044 9832 12 195 
4222 164 627 21 618 3471 1055 5810 12 4 73 21 1075 184 5751 45 419 
18 87 9 2432 3986 1058 1059 306 9828 632 12 38 229 65 13 
70 269 823 31 359 982 1032 28 429 4496 150 204 1044 17 5810 12 195 
868 1906 77 293 359 982 1032 848 2660 1481 21 5750 12 419 8 9 
952 143 4087 5700 3617 45 259 38 18 8 395 952 954 1397 28 632 
31 5750 21 2617 72 38 87 21 308 5689 215 208 4496 150 204 1044 
299 219 12 359 2901 4190 18 77 378 6125 4322 4 12 28 1055 
9833 124 200 208 9834 125 28 176 31 9835 7367 12 781 220 
107 8 184 5486 9836 12 
9837 4609 
1045 4013 
1055 9833 