Subject: 1 2 2012 18561 
3628 1298 52487 45 
48482 684 1298 48483 3069 4519 684 52488 21 17748 1676 1298 
52489 714 4939 6215 409 12 4405 45 3652 50332 6446 714 
827 4793 714 21 13520 2228 14 3282 41246 1272 12 151 12 734 1433 
1238 17 8189 1086 12 4395 4477 746 3282 53 734 
3416 12 340 714 21 6697 8596 12 132 1086 1957 
164 4 28 1171 31 347 17 3416 12 11858 12 
732 6987 1676 1298 52489 700 714 39912 6677 897 734 
1329 3 12 2834 1676 15051 734 52490 0 15023 700 2 
41088 52491 714 21 19654 45 1193 12 40092 714 52492 45 28 52493 
1524 714 21 10133 3683 215 17392 45 391 219 45 746 714 590 45 2819 52494 714 
21 2523 12 31 2643 12 
4894 684 1298 52495 2780 14 21 1086 897 2784 734 935 12 
707 52496 2308 144 52497 2 17755 1676 700 714 21 
1617 746 714 6822 4747 12 715 687 7942 8698 1296 
2403 17 72 7 207 1349 34 187 77 990 193 215 3758 
392 392 219 12 21 6428 5176 6434 392 827 45 1857 21 7202 1676 4928 707 
52248 215 52498 5236 4 2228 4 34 279 45 3454 45 6434 
392 648 45 1857 21 7202 219 746 707 8012 1856 12 72 9 1828 124 
1113 45 5351 732 392 392 392 700 701 4416 3758 12 12 12 
21 11537 2228 176 700 3282 4969 3726 8596 
2295 46186 4399 684 52499 0 4509 4538 21 0 33569 12 5465 898 52500 
52501 215 747 8613 718 5392 219 746 8669 648 12 0 5345 714 21 294 
10982 12 747 11537 700 4969 45664 14 33716 
52502 12 5093 897 4538 0 52503 959 2377 409 12 12 12 
8603 14 1291 17771 138 1291 0 9 4509 0 52504 684 6694 707 21 2554 1298 138 
6504 45 
143 143 1230 
653 653 653 653 653 653 653 653 653 653 653 653 653 653 653 653 653 653 653 653 653 653 653 653 653 653 653 653 653 653 653 653 653 653 653 653 653 653 653 653 653 653 653 653 653 653 653 653 653 653 653 653 653 653 653 653 653 429 358 2 21 108 4 385 17 8189 1086 
34844 2207 11947 125 678 17 4349 
2230 407 9 888 143 17 143 12096 1946 
20752 52505 648 45 21001 1193 12 52506 144 45 17 
52507 241 12 440 12 52508 827 
648 2 1454 2084 12 3274 12 31 1433 17 17291 
384 1238 45 11537 2228 176 45 52509 1219 52510 
2692 45 52500 52501 45 5392 52511 143 52512 45 1200 12 204 12 9 12 45 240 143 628 2 
52513 302 52514 12 52515 12 52516 12 1309 
144 2 2084 17 2032 12 3274 12 31 1433 17 1153 
384 1238 45 13520 2228 176 45 4252 52517 
2692 45 2523 12 3847 45 8011 50108 45 1200 12 204 12 9 12 
827 2 2329 2084 12 3274 12 31 1433 17 1153 
384 1238 45 13520 2228 176 45 4252 52517 
2692 45 2523 12 3847 45 8011 50108 45 1200 12 204 12 9 12 
2080 2 3088 9 2207 408 306 1241 8292 540 6132 
9478 9706 31 1553 6548 215 648 219 347 19337 215 0 219 12 161 164 
144 1241 11810 45 1320 306 1241 2179 45 31 68 650 12 837 306 9 
13118 6567 31 1241 45 240 12 913 12 1241 653 390 45 28 140 31 222 11810 
835 208 52518 12 419 6132 34 70 231 2090 231 5777 
540 35 52519 2428 9 2259 2935 215 2695 219 
222 130 215 648 45 648 45 0 45 0 45 648 45 0 45 12 12 12 45 648 219 124 52520 347 107 12 68 231 2090 231 
35 77 9 1353 2090 347 70 5141 408 9468 2097 8 21 77 
7307 12 840 45 419 6132 34 9 4607 31 282 4279 
58 9725 4 282 648 9491 540 28 231 2090 231 58 4348 
130 52520 17 282 144 653 282 143 282 648 9491 540 164 107 52520 12 
419 1324 443 9491 678 17 4349 2230 45 
4078 12 28 1120 31 68 1086 124 21 13981 9 
432 31 2207 2097 49 28 3509 408 371 6125 28 282 45 17 
2196 45 4148 4218 4279 12 
28 1464 1400 4 68 358 124 371 109 70 
10407 9116 888 17 12096 1989 12 68 1400 
48012 9 2905 31 2207 21130 4 52521 671 
486 215 52522 219 45 34 179 164 1838 1122 45 3357 195 28 678 
2230 17 4374 195 28 4349 2230 12 91 
3348 1508 1039 34 28 1464 1946 35 
368 1440 34 3190 12440 31 678 17 4349 
2230 4 9 2351 39787 33456 17 306 532 4215 2584 12 
1388 4778 2 3 125 2230 45 52521 671 486 
215 52522 219 45 40484 1021 45 888 143 17 143 12096 1424 12 
141 141 141 141 141 141 141 141 141 141 141 141 141 141 141 141 141 141 141 141 141 141 141 141 141 141 141 141 141 141 141 141 141 141 141 141 141 141 
431 358 2 21 108 4 347 1181 109 2636 
9 10827 2585 52522 17 22837 384 52523 125 
2230 
20752 52505 648 17 21001 1193 12 52506 144 
648 2 1454 2084 12 3274 12 31 1433 17 17291 
384 1238 45 11537 2228 176 45 52509 1219 52510 
2692 45 52500 52501 45 5392 52511 143 52512 45 1200 12 204 12 9 12 45 240 143 628 2 
52513 302 52514 12 52515 12 52516 12 1309 
144 2 2084 17 2032 12 3274 12 31 1433 17 1153 
384 1238 45 13520 2228 176 45 4252 52517 
2692 45 2523 12 3847 45 8011 50108 45 1200 12 204 12 9 12 
2080 12 4 3 125 2230 45 28 1119 2195 124 21 572 9 
6185 31 678 2230 17 9 6185 31 4349 
2230 21 5736 9 35417 9525 540 52524 28 
2584 5690 74 28 2230 12 4 73 21 2427 222 
9 35417 9525 45 28 52521 671 486 215 52522 219 17 28 
41289 671 486 215 22837 219 8 205 1464 12 68 358 
1375 373 1501 12 429 20 11066 2473 21 572 184 22837 
1400 21 5736 9 52522 13511 215 347 15225 143 37308 219 12 1851 45 
20 37544 2473 21 481 9116 572 31 22837 1708 540 
62 3904 9 762 140 31 678 215 347 4349 219 2230 
74 568 37 130 4349 215 347 678 219 2230 17 12135 52522 
215 347 15225 143 37308 219 12 874 45 28 8431 31 68 358 35 77 
576 21 3529 37471 762 4073 3 1440 12 373 
3 1708 164 576 21 2235 28 414 1148 12 
1388 4778 2 1610 1611 45 3 125 2230 45 
40484 1021 45 35417 11947 45 52522 397 22837 486 12 
141 141 141 141 141 141 141 141 141 141 141 141 141 141 141 141 141 141 141 141 141 141 141 141 141 141 141 141 141 141 
1084 358 2 21 108 4 28 1181 31 3831 8212 
2006 31 9 4781 2861 35417 4278 125 2230 
74 568 9 294 9116 888 143 17 143 12096 1946 
20752 52505 
1454 2084 12 3274 12 31 1433 17 17291 
384 1238 45 11537 2228 176 45 52509 1219 52510 
2692 45 52500 52501 45 5392 52511 143 52512 45 1200 12 204 12 9 12 240 143 628 2 
52513 302 52514 12 52515 12 52516 12 1309 
2080 2 68 358 4138 306 28 1021 31 9676 9 
1994 35417 4278 440 2 6834 0 45 648 6835 440 6834 0 45 648 6835 125 678 17 
4349 2230 12 68 1021 124 31 49512 5859 4 
591 1342 2261 561 31 1610 1611 12 28 
1381 1464 4 68 358 124 371 109 9 888 143 17 143 12096 
1946 12 68 1946 124 70 2157 31 91 836 548 
215 52505 1101 4048 12 215 2037 219 219 12 3348 1508 45 9986 
28 294 1381 306 208 371 109 52493 150 204 39109 776 
1381 45 152 34 28 294 1381 124 47 9116 12 
1388 4778 12 1505 2006 45 35417 15031 45 41265 
40484 1021 45 446 7998 45 39109 776 1381 45 
1610 1611 12 
141 141 141 141 141 141 141 141 141 141 141 141 141 141 141 141 141 141 141 141 141 141 141 141 141 141 141 141 141 141 141 141 141 
8000 358 2 20 124 1449 9 1960 358 
109 28 4781 140 31 2207 21130 7307 125 2230 
20752 52505 648 17 21001 1193 12 52506 144 
2080 12 78 373 2166 31 678 17 4349 2230 45 28 
1021 124 21 13981 9 532 432 31 2207 21130 12 9 6493 
2525 1946 124 576 21 7691 9 6203 9081 109 28 
4781 140 31 21130 540 35 77 7307 125 2166 31 
2230 12 1851 45 28 8431 31 68 358 9630 1362 
49 37923 28 546 573 17 876 8436 37471 
762 4073 1440 12 
1388 4778 2 1610 1611 45 1329 3 45 3 
125 2230 45 52522 397 22837 486 45 40484 1021 45 446 
7998 45 6572 2179 12 
5915 358 2 20 124 1449 9 1960 358 
70 1946 21 38450 3 31 35417 15031 
20752 52505 648 17 21001 1193 12 52506 144 
2080 2 9 10822 2696 4 28 1021 31 1505 
2006 124 28 140 31 2230 539 21 8376 13981 9 
35417 4278 125 678 17 4349 2230 12 4 68 
358 419 1131 70 1946 49 12135 9 2905 31 2230 
49 68 1021 12 91 1225 1168 1039 34 45 109 
28 4180 45 2230 9593 2182 21 28 1464 1946 
10055 21 28 2006 31 28 3812 4278 36391 18595 
1032 179 2230 164 9593 4 9 1998 73 12 
1388 4778 2 1505 2006 45 35417 15031 45 3 125 
2230 45 1610 1611 45 40484 1021 12 
52525 52525 52525 52525 52525 52525 52525 52525 52525 52525 