Subject: 1036 21 2012 
669 45 98 12 2084 40096 58 114 14 21 3904 15 
3214 397 463 12 81 13 14 9 133 16 259 7 35 
13 28 1036 397 3893 21 38 12 1427 5830 49 28 
1036 397 3893 21 947 45 81 1014 1960 109 28 
235 430 34 1906 77 752 359 1892 1032 
3595 648 45 2149 45 49 7885 2149 52228 12 
143 4781 827 462 31 372 
215 4 15 279 45 208 1906 3078 125 15 53 13971 219 
143 4086 597 17 4086 627 5615 13134 
143 14385 
143 849 31 13370 
215 1833 184 156 219 
143 370 1036 
143 392 638 12 1529 393 143 52677 1036 578 
28 414 430 1906 77 293 74 144 397 648 397 1820 4 73 21 77 
2170 49 4561 12474 12 20 124 52678 34 15 462 
31 372 481 28 488 12 72 38 164 107 564 28 
52613 347 8 107 1838 4 28 1335 45 111 38 1906 1549 644 347 729 
462 31 372 21 481 964 49 107 564 28 10893 12 
86 38 8 70 53 3269 45 38 164 8036 21 1014 4 28 
2012 839 3923 12 1272 12 151 12 2492 306 70 269 3269 
164 65 8036 21 655 4 754 1837 12505 769 1272 12 151 12 
68 655 62 77 506 395 208 38669 31 3361 58 
205 370 12 
7 925 68 3940 15 463 12 81 82 14 83 72 38 
8 184 411 463 12 
143 143 10321 
143 143 143 143 143 1014 413 626 143 143 143 143 143 
41 125 40096 302 10074 12 52679 12 1309 622 334 264 636 2 1808 2 636 2037 
632 2 622 45 264 334 2037 636 2 1808 2 1259 143 3786 
125 2 577 40096 
21 2 52680 302 10074 12 52679 12 1309 
627 2 35 38 95 306 68 138 192 193 
649 143 447 2 52681 
125 613 302 851 12 852 12 853 12 590 606 334 1254 637 2 782 2 337 2037 
293 2 125 282 648 12 851 12 852 12 853 12 590 74 52682 12 10074 12 52679 12 1309 306 1793 619 345 52683 
215 729 12 785 1219 397 1798 143 648 12 644 12 644 49 219 158 606 45 1254 334 2037 637 2 782 2 639 143 3786 
293 2 125 241 617 16405 12 851 12 852 12 853 12 590 74 282 648 12 851 12 852 12 853 12 590 215 644 12 648 397 616 143 644 12 648 2 4048 648 219 
619 345 52684 158 606 45 1254 334 1819 618 2 782 2 1973 4051 
632 2 606 45 1254 334 1819 618 2 782 2 338 4051 
125 2 98 99 215 569 415 2012 850 219 
626 143 619 2 
21 2 40096 302 10074 12 52679 12 1309 
627 2 1 2 2012 4 1329 3 
635 2 16407 302 851 12 852 12 853 12 590 
659 2 660 
41 15 548 603 530 45 251 3306 124 490 1457 369 45 17 
41 161 124 11595 8362 49 11662 17 1086 38064 
41 1364 492 2012 2413 12 9572 45 419 164 1449 12200 
41 17 3306 91 14728 492 2012 2492 12 411 2492 164 
41 1960 21 63 769 185 45 540 35 77 47 1376 12 7 2574 
41 38 21 4702 3320 45 17 21 13 451 38 8 1003 45 409 12 45 306 
41 15 1036 12 143 577 
41 
46 38 49 28 430 17 7 6527 49 564 91 92 21 
270 12 68 124 137 21 132 6058 49 28 977 2351 2660 12 
173 28 1036 1048 49 15 1617 45 7 187 435 21 
672 28 235 2 
9 12 18 7 87 21 85 28 52613 138 
167 12 3312 70 569 45 18 7 77 159 21 3042 485 109 9 2012 138 
1219 12 220 38 83 28 160 34 7 84 66 21 672 49 28 1036 
486 17 411 1277 451 138 
46 38 120 49 15 92 17 15 95 12 
98 99 12 
143 143 143 143 143 75 413 626 143 143 143 143 143 