Subject: 273 
43 12 39775 124 1383 499 31 2857 17 58 114 14 21 3820 
21 15 273 626 21 1456 31 334 12 848 45 2037 12 7 18 77 50 
38 91 4774 328 67 28 1617 31 1225 340 
17 28 4589 245 12 7 18 65 1833 91 3349 1086 
1834 12 
38 84 4702 485 21 28 1617 31 1225 340 49 
561 17 37536 2707 12 769 16 124 52692 781 12 50282 
1490 45 4587 45 4586 4593 12 43 12 39775 926 107 3359 4561 
1947 21 2492 395 121 214 58 7224 21 83 37 12 
72 38 8 184 411 463 45 347 72 7 35 95 38 4 184 411 
185 45 81 82 14 83 12 
143 143 40147 12725 
1236 21 43 12 39775 