Subject: 470 6141 472 1513 143 2405 2532 387 488 124 1886 648 45 2405 
824 824 824 1324 49 832 824 824 824 
28 9566 236 382 109 1329 3 
1886 892 143 1038 144 45 2405 
8113 176 
28 9566 236 382 109 1329 3 215 1513 143 2405 219 
18 77 915 23 8113 176 125 1886 892 21 1038 144 45 2405 12 28 
382 18 1121 1122 775 21 676 2568 17 2385 
427 2406 4 28 3348 244 31 3 12 
1513 143 2405 18 1833 766 2580 109 3 4 4649 45 
8921 1740 45 2576 45 2233 2234 17 549 574 45 
1225 5566 45 1170 3028 45 17 411 9327 12 20 18 65 6552 
1521 2495 74 9782 9783 45 3253 9784 45 17 9785 9786 45 130 505 
130 2041 1511 109 3891 45 1038 144 12 277 67 1513 143 2405 45 1141 
28 382 420 45 164 1357 23 
1050 2 397 397 1051 143 9457 12 8113 12 1309 397 1513 144 741 397 
28 488 49 2532 387 124 1886 648 45 540 124 982 1032 9 1867 
497 12 121 68 632 45 28 387 578 9787 125 392 809 21 392 5665 12 
959 2340 45 419 62 3357 1045 49 109 143 7367 5812 
3592 121 34 632 45 17 419 1916 1055 1462 4 9788 9789 21 
77 47 9790 45 259 81 4292 1028 12 
1513 143 2405 18 77 9791 306 6523 143 2405 17 9792 143 2405 12 9793 21 
184 31 443 3588 18 77 159 21 1548 28 1333 1849 31 
28 757 23 359 4148 64 12 28 382 58 293 1947 
125 3300 45 2517 45 9794 45 3696 45 9457 45 9795 143 9796 45 17 
9797 9275 12 72 38 8 463 67 1513 143 2405 45 13 1158 628 
21 1513 144 741 302 9457 12 8113 12 1309 12 