Subject: 1 2 6103 
41 7000 4318 7001 4312 6792 7530 12 
41 51671 3180 6934 3186 15891 3173 7120 16088 4312 6943 15831 215 7468 17612 6758 
41 17557 219 12 11844 4318 11845 7018 7445 6792 7115 6865 14674 12 6927 12 3173 6921 6906 51672 12 
41 6751 6795 4318 7170 7646 18272 4318 11778 7160 6919 7517 45 6789 16258 3182 51673 12 
3182 3186 48137 4312 6792 11759 7067 7070 45109 4318 6993 3185 7424 158 
41 6927 4318 6928 3185 6887 51674 4311 4317 7020 3182 7017 34151 3186 47330 6758 
41 6760 11749 51610 3173 44435 4312 14680 573 1365 6774 2298 12 
41 6907 4318 6993 51675 7428 41860 4312 573 1365 6934 8009 573 3173 6795 4318 6993 51611 
41 7428 6927 4318 6928 358 45 4317 6955 6774 11727 11710 4312 1945 45 
41 3186 45261 11744 12 7432 6795 4318 6993 51611 7428 51676 2144 358 
41 4312 6943 4318 10583 2298 8009 1365 4312 9656 45 3186 11736 6760 6939 
41 47303 6774 50146 1170 1923 17 1170 362 1171 12 4309 7188 4318 7189 
41 3180 14624 4311 7443 6758 7018 6895 14653 12 6907 4318 6993 11366 51677 
41 51678 4312 10572 3173 10616 47331 51679 12 11738 7428 1086 
41 1828 4317 6795 4318 6993 51611 45 6788 231 51680 51681 231 12 6771 4318 6772 3173 7021 6881 
41 42294 42540 4317 51682 6854 6887 15815 12 6751 6906 51683 6789 
41 41823 3182 6766 41782 3173 7443 12 
42340 45 6789 3186 7158 3185 18312 4318 6776 3173 3186 51682 7508 6854 11395 
51684 12 
14700 51670 