Subject: 50733 17 10574 
44943 18218 3173 3188 45 7438 6906 12 
7023 6766 41939 45 52107 3183 11819 6865 50733 12 6921 15444 3182 7051 6786 6760 
52108 14684 45 4318 6995 14691 7075 52109 3185 6766 52110 6865 3173 
3185 6943 4318 10583 6893 52111 48230 12 52112 3185 3186 6983 4317 4311 
52113 45 3186 46998 52114 3185 231 52115 52116 231 6934 3186 52117 11188 
4311 50163 6808 4318 7179 45 15649 6774 6990 6991 4317 15307 6919 50733 45 
47031 6934 6766 11760 6760 42383 3182 52118 12 47158 6751 15444 3182 
51954 3186 6991 6854 45 52119 6919 18312 4318 6776 4317 6789 52120 6871 
52121 6758 52122 45 15861 3182 11188 52123 45111 12 
7432 45 6789 6906 41777 3182 4311 16133 3183 13271 3173 8797 10574 
11371 3186 11309 45273 45 15861 3182 7044 4318 52124 6792 52010 6865 52125 6893 
18271 15106 12 
6775 45 6795 4318 6958 47031 42545 6927 4318 6928 3185 6792 52126 4317 6790 3182 
11387 6808 10574 4317 6789 4311 16133 2 
648 12 11349 6789 45199 3182 52127 6943 14684 6867 240 143 628 215 52128 6865 
14628 219 45 15861 3182 52129 6867 11188 4314 6883 158 215 7169 
41801 6758 652 6934 6792 6875 6758 45399 158 219 
144 12 6867 14810 4317 6789 52130 6934 3186 35159 6789 52131 4315 
6951 4318 15310 7044 4318 11182 215 7118 6792 17617 6758 219 6776 6789 52132 4315 7428 
6954 231 35159 231 4317 4309 14710 15029 6789 52133 215 3186 11736 46050 
6921 6789 6992 4318 6993 3183 19792 6893 240 143 4756 6971 7646 14676 4318 52134 7513 
11358 219 158 
827 12 6934 3183 1711 143 386 18243 4317 6992 4318 6772 3186 6883 6758 45399 11345 
4315 549 397 651 11371 3173 4315 549 397 1056 1519 45 6789 52135 52136 150 52137 7078 7036 
3186 7428 6934 3183 6913 158 
644 12 6751 50158 6917 45 6919 7514 7078 15138 7043 4318 7174 11392 7317 6934 
7516 52015 4318 52138 3185 3186 7186 47388 4318 6751 7075 52139 50733 13860 12 6789 
7018 11309 3182 4311 16133 3183 13860 6854 45 15861 3182 3183 52006 
3173 3182 3183 52140 11715 47140 4317 6789 7529 4318 15950 158 
7000 4318 7001 8683 6893 18330 45 
18331 18332 12 