Subject: 471 2 8177 143 7284 143 10258 9506 31 581 
143 143 143 143 143 143 143 143 143 143 595 626 143 143 143 143 143 143 143 143 143 143 
627 2 8177 143 7284 143 10258 9506 31 581 
632 2 4054 45 637 1303 7284 135 2 1973 2 847 141 1017 
125 2 8177 7284 302 2446 12 1095 
21 2 8253 302 1243 12 320 12 350 
42 262 8253 
68 124 21 5424 581 31 15 1550 306 28 361 
10259 2 9 549 1238 10260 
540 112 6573 28 358 143 619 
8177 143 7284 143 10258 
20 18 77 595 49 6602 12 
97 45 
4294 10261 17 10262 10263 
215 8177 7284 2387 774 143 7711 219 
3054 2 68 628 124 2900 10264 143 8808 12 72 38 314 221 70 
9506 45 85 68 628 130 70 4148 4759 12 72 38 
102 434 538 31 361 347 1119 365 34 164 107 10265 4 
68 628 45 81 1929 34 419 10266 150 440 5883 670 10099 137 
21 28 441 31 628 419 221 765 28 977 2351 2660 12 
