Subject: 2671 21 34542 41192 
28 34542 13860 49 28 4054 38072 164 528 5046 4 92 
49 28 3042 31 28 294 6196 12 68 18 107 2686 38 4 184 185 
6133 49 28 933 31 28 34542 6613 12 68 18 1449 5680 
28 461 31 28 517 397 1867 215 4784 76 219 251 3915 31 3312 
373 2166 31 463 21 672 38 72 38 482 39864 45 641 143 8694 45 
51285 347 51286 7279 409 45 20 18 8 208 12 38 18 77 2712 
306 2 
39864 45 39864 215 141 51285 219 45 641 143 8694 347 38963 138 
8066 322 45 1241 45 641 347 1219 143 41 
68 18 1844 38 39864 306 28 51286 2659 45 39864 306 
28 51285 2659 45 641 143 8694 347 274 9 651 38963 215 4 34 73 219 12 
28 51287 1416 58 205 6831 12 
184 5417 67 68 35 77 595 21 28 40084 81 12 
40 20317 12 