Subject: 6169 21 2890 397 8147 6293 
42 365 45 
1397 28 522 35 1833 15 358 4 28 1513 143 2405 401 45 
38 18 87 21 2974 9 6169 21 2890 486 12 81 6456 
17 3990 499 1553 28 1552 347 6394 30 125 
111 6392 499 486 45 9560 28 358 361 45 412 45 17 8817 
1285 215 28 105 31 15 2850 2939 219 45 17 5912 20 215 208 365 150 204 
7482 124 4093 219 12 
81 13 28 370 486 74 51 21 28 8198 32 2445 23 
141 648 215 6255 219 9561 143 9562 130 1028 130 261 12 28 4441 109 28 486 2228 
34 38 1906 220 68 359 1892 1032 3797 45 134 644 45 28 310 517 130 
15 6537 358 124 137 12 534 45 226 419 5854 21 13 499 9 4545 
21 34 6832 45 81 51 20 21 37 74 2059 45 134 248 12 
65 45 208 959 817 67 7147 15 358 12 1397 568 9480 
3583 21 198 28 838 30 23 
81 4322 21 481 474 15 549 9563 1318 208 6294 125 28 8147 
31 28 455 12 419 8 293 9 140 31 451 125 3526 28 434 34 
8 9 218 8147 8127 45 540 18 481 20 1376 49 28 522 
21 368 12 419 33 34 412 164 568 6496 347 2744 4 9 644 8087 45 
7221 37 21 3990 499 9564 109 434 358 12 72 38 9392 572 
9 644 358 45 81 7812 34 38 9565 28 8087 1397 1196 15 
838 1552 347 6394 2939 12 
116 45 
3790 2516 
839 1176 45 1513 143 2405 