Subject: 1 2 430 17 1981 
98 
120 1321 49 107 2733 21 38 836 143 251 7 8 205 231 4 317 499 231 
31 16321 49 28 977 448 1910 12 
78 28 2483 1475 38 164 1413 21 481 7 6060 120 49 107 
3312 5130 499 9 1981 765 28 1821 306 38 12 534 45 7 8 21 2949 
38 7 8 2110 506 70 52538 31 195 132 3544 397 2492 17 8 
3919 107 21 85 109 184 4148 1086 2492 395 1315 31 132 
115 231 13242 231 8 52539 12 540 4 39965 3530 7 181 9921 77 
564 109 2622 3191 395 997 1821 12 
72 6477 68 45 38 164 1449 1891 4 16378 670 1524 45 28 1212 
7 90 450 38 124 28 429 1867 31 2955 12 215 130 7 207 67 21 521 2354 49 9 
554 143 1821 4065 193 219 
7 925 15 35941 2016 124 985 505 317 7 6060 120 49 564 259 
122 21 149 193 
3485 3486 