Subject: 1 2 1044 3819 
42 98 45 
118 45 251 419 8 359 1889 1357 12 1442 7950 314 49 28 382 12 
81 4618 434 120 4 28 460 12 96 97 45 
98 99 101 2 
41 669 45 
41 
41 7 207 148 49 9 1874 143 1870 215 7 12 240 12 45 208 762 1870 219 1044 306 9192 49 28 
41 1909 1304 397 448 215 4 219 21 144 397 248 215 499 219 45 34 124 49 2116 9844 12 90 38 81 82 
41 14 83 2428 161 124 222 9 1044 1357 17 2473 48 20 18 64 14 138 
41 7 18 77 5827 28 1513 143 2405 382 12 259 45 72 38 8 818 4222 
41 49 8113 176 45 81 85 34 921 61 12 
41 
41 38 35 149 1553 23 28 51 140 1076 23 28 8147 31 68 626 45 
41 347 74 273 23 28 235 16 2 613 302 1243 12 320 12 350 
41 81 5855 4 15 149 28 235 2 
41 9 12 28 8876 31 28 1055 12 
41 167 12 2473 2342 20 124 125 8113 176 12 
41 1219 12 2428 161 124 5486 9836 4 28 1044 12 
41 151 12 2428 161 124 9 9823 4 28 1055 12 
41 
41 96 97 45 
41 
41 98 99 
143 143 
2572 23 1055 9835 
1050 2 397 397 1051 12 9839 12 1217 
139 2 3849 143 9840 143 9841 
51 2 3849 143 9842 143 9843 