Subject: 358 143 143 51730 746 2783 6409 
109 606 45 623 948 335 45 98 99 101 2 
41 
41 
41 51731 51732 101 2 
41 41 
41 41 40849 45 
41 41 
41 41 705 827 44851 1692 697 700 7619 684 5080 0 781 3756 714 5175 12 
41 41 3654 827 51733 684 8698 2804 4836 707 687 3979 12632 45 
41 41 746 684 240 827 51734 14 21 38183 12 3654 51735 5163 21 51736 897 45 
41 
41 684 51737 4416 358 705 45591 158 2 143 219 
41 
41 41 40854 6410 51738 5063 707 902 51739 746 1692 6438 6410 2310 
41 41 51740 897 14 687 12632 12 
41 41 
41 41 70 51741 2838 18121 684 5080 0 781 746 684 44589 45 0 9 747 0 5085 70 700 
41 41 15435 684 1682 6601 21 4549 45 1692 718 1535 2 1529 12 
41 41 
41 41 51728 
41 
40849 746 4793 3758 193 
8283 1293 215 1304 948 1082 219 9243 732 628 897 1925 0 704 51742 0 51743 707 718 
51744 3153 215 141 397 143 144 3153 6446 317 1312 219 714 2294 51745 12 
3653 732 3752 700 51746 746 51747 143 143 143 3773 4405 45 3710 5347 684 
51748 902 14 0 240 827 747 897 898 51749 0 51750 43229 51751 689 
2333 215 746 2804 3641 15672 684 44589 219 12 
70 705 45931 1753 2294 51752 689 51753 45 691 6514 3724 
44313 12 
51728 